t 0.05 0.1 0.15 0.2 0.25 0.3 0.35 0.4 0.45 0.5 0.55 0.6 0.65 0.7 0.75 0.8 0.85 0.9 0.95
0 0.0531 0.0961 0.1482 0.203 0.2488 0.2938 0.352 0.3957 0.4512 0.499 0.5507 0.6022 0.6492 0.6978 0.749 0.7969 0.8506 0.8985 0.9487
1 0.0031 0.0149 0.0435 0.0889 0.1421 0.2086 0.2904 0.3536 0.4148 0.4536 0.4827 0.469 0.4516 0.4159 0.344 0.269 0.1867 0.126 0.0722
2 0.0006 0.0046 0.0193 0.0492 0.0909 0.1503 0.2329 0.2873 0.3515 0.3921 0.4186 0.4181 0.3872 0.3492 0.2775 0.1986 0.1224 0.0764 0.0451
3 0.0002 0.0005 0.0088 0.0261 0.0564 0.1052 0.187 0.241 0.3034 0.3426 0.366 0.3634 0.3275 0.2902 0.2211 0.1373 0.0823 0.0477 0.031
4 0 0 0.004 0.0132 0.032 0.0705 0.1423 0.1962 0.2488 0.2978 0.3179 0.3138 0.2696 0.2394 0.1735 0.0937 0.0556 0.0464 0.0431
5 0 0 0.0018 0.0077 0.018 0.0455 0.1089 0.1524 0.2042 0.2515 0.2732 0.2688 0.2231 0.1922 0.1289 0.0579 0.0339 0.0239 0.0257
6 0 0 0.0012 0.0047 0.0106 0.0292 0.0805 0.1209 0.1628 0.2029 0.2283 0.2309 0.1793 0.1487 0.0932 0.035 0.0204 0.0289 0.037
7 0 0 0.0012 0.0026 0.0079 0.0178 0.0589 0.0885 0.127 0.1659 0.1873 0.1899 0.1358 0.1143 0.0656 0.021 0.0129 0.0257 0.0352
8 0 0 0.0012 0.0021 0.0059 0.0107 0.0399 0.0667 0.0955 0.1281 0.1497 0.1493 0.0963 0.0787 0.0443 0.0134 0.0081 0.0405 0.0588
9 0 0 0.0012 0.0018 0.0044 0.0061 0.0282 0.0459 0.0682 0.0992 0.1174 0.1145 0.07 0.0516 0.0272 0.0092 0.0056 0.0143 0.0204
10 0 0 0.0012 0.0016 0.0038 0.0045 0.0188 0.0288 0.0492 0.0757 0.0923 0.0856 0.0474 0.0336 0.0162 0.0066 0.004 0.0152 0.0297
11 0 0 0.0012 0.0016 0.0036 0.0036 0.0113 0.0172 0.0345 0.0537 0.0673 0.0656 0.0332 0.0216 0.0085 0.0052 0.0034 0.0134 0.0289
12 0 0 0.0012 0.0016 0.0036 0.0032 0.008 0.0102 0.0237 0.0415 0.0508 0.0499 0.0227 0.0121 0.0048 0.0043 0.0031 0.0196 0.05
13 0 0 0.0012 0.0016 0.0036 0.0032 0.006 0.0057 0.0161 0.0305 0.0378 0.0347 0.0142 0.0083 0.0036 0.0038 0.0028 0.0106 0.0276
14 0 0 0.0012 0.0016 0.0036 0.0032 0.0054 0.0038 0.012 0.0224 0.0289 0.023 0.0082 0.0059 0.0026 0.0036 0.0028 0.011 0.0456
15 0 0 0.0012 0.0016 0.0035 0.0032 0.0052 0.0023 0.009 0.0165 0.0189 0.0156 0.004 0.0042 0.0024 0.0036 0.0028 0.0093 0.0448
16 0 0 0.0012 0.0016 0.0033 0.0032 0.0048 0.0013 0.0073 0.0118 0.0124 0.01 0.0021 0.0031 0.0024 0.0036 0.0028 0.0125 0.0802
17 0 0 0.0012 0.0015 0.0032 0.0032 0.0044 0.0012 0.0051 0.0088 0.0086 0.0071 0.0016 0.0025 0.0024 0.0036 0.0028 0.0058 0.0158
18 0 0 0.0012 0.0013 0.0032 0.0031 0.0044 0.0012 0.0035 0.0065 0.0063 0.0053 0.0016 0.0022 0.0024 0.0036 0.0028 0.0018 0.0196
19 0 0 0.0012 0.0012 0.0032 0.0029 0.0044 0.0012 0.0032 0.006 0.0046 0.0041 0.0016 0.0019 0.0024 0.0036 0.0028 0.0012 0.0188
20 0 0 0.0012 0.0012 0.0032 0.0028 0.0044 0.0012 0.0032 0.0058 0.0031 0.0038 0.0016 0.0016 0.0024 0.0036 0.0028 0.001 0.0308
21 0 0 0.0012 0.0012 0.0032 0.0028 0.0044 0.0012 0.0032 0.0053 0.0027 0.0034 0.0016 0.0016 0.0024 0.0036 0.0028 0.0008 0.0172
22 0 0 0.0012 0.0012 0.0032 0.0028 0.0044 0.0012 0.0032 0.0052 0.0024 0.003 0.0016 0.0016 0.0023 0.0036 0.0028 0.0008 0.0246
23 0 0 0.0012 0.0012 0.0032 0.0028 0.0044 0.0012 0.0032 0.0052 0.0024 0.0028 0.0016 0.0016 0.0021 0.0036 0.0028 0.0008 0.0232
24 0 0 0.0012 0.0012 0.0032 0.0028 0.0044 0.0012 0.0032 0.0052 0.0024 0.0028 0.0016 0.0016 0.002 0.0036 0.0028 0.0008 0.038
25 0 0 0.0012 0.0012 0.0032 0.0027 0.0044 0.0012 0.0032 0.0052 0.0023 0.0028 0.0016 0.0016 0.002 0.0036 0.0028 0.0008 0.014
26 0 0 0.0012 0.0012 0.0032 0.0025 0.0044 0.0011 0.0032 0.0052 0.0021 0.0028 0.0016 0.0016 0.002 0.0036 0.0028 0.0008 0.0154
27 0 0 0.0012 0.0012 0.0032 0.0024 0.0044 0.0009 0.0032 0.0052 0.002 0.0028 0.0016 0.0016 0.002 0.0036 0.0028 0.0008 0.0142
28 0 0 0.0012 0.0012 0.0032 0.0023 0.0044 0.0008 0.0032 0.0052 0.002 0.0028 0.0016 0.0016 0.002 0.0036 0.0028 0.0008 0.022
29 0 0 0.0011 0.0012 0.0032 0.0021 0.0044 0.0008 0.0032 0.0052 0.002 0.0028 0.0016 0.0016 0.002 0.0036 0.0028 0.0008 0.012
30 0 0 0.0009 0.0012 0.0032 0.002 0.0044 0.0008 0.0032 0.0052 0.002 0.0028 0.0016 0.0016 0.002 0.0036 0.0028 0.0008 0.017
31 0 0 0.0008 0.0012 0.0032 0.002 0.0044 0.0008 0.0032 0.0052 0.002 0.0028 0.0016 0.0016 0.002 0.0036 0.0028 0.0008 0.016
32 0 0 0.0008 0.0012 0.0031 0.002 0.0044 0.0008 0.0032 0.0052 0.002 0.0028 0.0016 0.0016 0.002 0.0036 0.0028 0.0008 0.0268
33 0 0 0.0008 0.0012 0.0028 0.002 0.0044 0.0008 0.0032 0.0052 0.002 0.0028 0.0016 0.0016 0.002 0.0036 0.0028 0.0008 0.0068
34 0 0 0.0008 0.0012 0.0025 0.002 0.0044 0.0008 0.0032 0.0051 0.002 0.0028 0.0016 0.0016 0.002 0.0036 0.0028 0.0007 0.0055
35 0 0 0.0008 0.0012 0.0024 0.002 0.0044 0.0008 0.0032 0.0048 0.002 0.0028 0.0016 0.0016 0.002 0.0036 0.0028 0.0005 0.0051
36 0 0 0.0008 0.0012 0.0024 0.002 0.0044 0.0008 0.0032 0.0045 0.002 0.0028 0.0016 0.0016 0.002 0.0035 0.0028 0.0004 0.0072
37 0 0 0.0008 0.0012 0.0024 0.002 0.0044 0.0008 0.0032 0.0044 0.002 0.0028 0.0016 0.0016 0.002 0.0033 0.0028 0.0004 0.004
38 0 0 0.0008 0.0012 0.0024 0.002 0.0044 0.0008 0.0032 0.0044 0.002 0.0028 0.0016 0.0016 0.002 0.0032 0.0028 0.0004 0.0031
39 0 0 0.0008 0.0012 0.0024 0.002 0.0044 0.0008 0.0032 0.0044 0.002 0.0028 0.0016 0.0016 0.002 0.0032 0.0028 0.0004 0.0023
40 0 0 0.0008 0.0012 0.0024 0.002 0.0044 0.0008 0.0032 0.0044 0.002 0.0028 0.0016 0.0016 0.002 0.0032 0.0028 0.0004 0.0015
41 0 0 0.0008 0.0012 0.0024 0.002 0.0044 0.0008 0.0032 0.0044 0.002 0.0028 0.0016 0.0016 0.002 0.0032 0.0028 0.0004 0.0008
42 0 0 0.0008 0.0012 0.0024 0.002 0.0044 0.0008 0.0032 0.0044 0.002 0.0028 0.0016 0.0016 0.002 0.0032 0.0028 0.0004 0.0008
43 0 0 0.0008 0.0012 0.0024 0.002 0.0044 0.0008 0.0032 0.0044 0.002 0.0028 0.0016 0.0016 0.002 0.0032 0.0028 0.0004 0.0008
44 0 0 0.0008 0.0012 0.0024 0.0019 0.0043 0.0008 0.0032 0.0044 0.002 0.0028 0.0016 0.0016 0.002 0.0032 0.0028 0.0004 0.0008
45 0 0 0.0008 0.0012 0.0024 0.0017 0.0041 0.0008 0.0032 0.0044 0.002 0.0028 0.0016 0.0016 0.002 0.0032 0.0028 0.0004 0.0008
46 0 0 0.0008 0.0012 0.0024 0.0016 0.004 0.0008 0.0032 0.0044 0.002 0.0028 0.0016 0.0016 0.002 0.0032 0.0028 0.0004 0.0008
47 0 0 0.0008 0.0012 0.0024 0.0016 0.004 0.0008 0.0032 0.0044 0.002 0.0028 0.0016 0.0016 0.002 0.0032 0.0028 0.0004 0.0008
48 0 0 0.0008 0.0011 0.0024 0.0016 0.004 0.0008 0.0032 0.0044 0.002 0.0028 0.0016 0.0016 0.002 0.0032 0.0028 0.0004 0.0008
49 0 0 0.0008 0.0009 0.0024 0.0016 0.004 0.0008 0.0032 0.0044 0.002 0.0028 0.0016 0.0016 0.002 0.0032 0.0028 0.0004 0.0008
50 0 0 0.0008 0.0008 0.0024 0.0016 0.004 0.0008 0.0032 0.0044 0.002 0.0028 0.0016 0.0016 0.002 0.0032 0.0028 0.0004 0.0008
51 0 0 0.0008 0.0008 0.0024 0.0016 0.004 0.0008 0.0032 0.0044 0.002 0.0028 0.0016 0.0016 0.002 0.0032 0.0028 0.0004 0.0008
52 0 0 0.0008 0.0008 0.0023 0.0016 0.004 0.0008 0.0032 0.0043 0.002 0.0027 0.0016 0.0016 0.002 0.0032 0.0028 0.0004 0.0008
53 0 0 0.0008 0.0008 0.0021 0.0016 0.0039 0.0008 0.0032 0.0041 0.002 0.0025 0.0016 0.0016 0.002 0.0032 0.0028 0.0004 0.0008
54 0 0 0.0008 0.0008 0.002 0.0016 0.0037 0.0008 0.0032 0.004 0.002 0.0024 0.0016 0.0016 0.002 0.0032 0.0028 0.0004 0.0008
55 0 0 0.0008 0.0008 0.002 0.0016 0.0036 0.0008 0.0032 0.004 0.002 0.0024 0.0016 0.0016 0.002 0.0032 0.0028 0.0004 0.0008
56 0 0 0.0008 0.0008 0.002 0.0015 0.0036 0.0008 0.0032 0.004 0.002 0.0024 0.0016 0.0016 0.002 0.0032 0.0028 0.0004 0.0008
57 0 0 0.0007 0.0008 0.002 0.0013 0.0036 0.0008 0.0032 0.004 0.002 0.0024 0.0016 0.0016 0.002 0.0032 0.0028 0.0004 0.0008
58 0 0 0.0005 0.0008 0.002 0.0012 0.0036 0.0008 0.0032 0.004 0.002 0.0024 0.0016 0.0015 0.002 0.0031 0.0027 0.0004 0.0008
59 0 0 0.0004 0.0008 0.002 0.0012 0.0036 0.0008 0.0032 0.0039 0.002 0.0024 0.0016 0.0012 0.002 0.0029 0.0025 0.0004 0.0008
60 0 0 0.0004 0.0008 0.002 0.0012 0.0036 0.0008 0.0032 0.0036 0.002 0.0023 0.0016 0.0009 0.002 0.0028 0.0024 0.0004 0.0008
61 0 0 0.0004 0.0008 0.002 0.0012 0.0036 0.0008 0.0032 0.0033 0.002 0.0021 0.0015 0.0008 0.002 0.0028 0.0024 0.0004 0.0008
62 0 0 0.0004 0.0008 0.002 0.0012 0.0036 0.0008 0.0032 0.0032 0.002 0.002 0.0013 0.0008 0.0019 0.0028 0.0024 0.0004 0.0008
63 0 0 0.0004 0.0008 0.0019 0.0012 0.0036 0.0008 0.0031 0.0031 0.0019 0.002 0.0012 0.0008 0.0017 0.0028 0.0024 0.0004 0.0008
64 0 0 0.0004 0.0008 0.0017 0.0012 0.0036 0.0008 0.0029 0.0029 0.0017 0.002 0.0012 0.0008 0.0016 0.0028 0.0024 0.0004 0.0008
65 0 0 0.0004 0.0008 0.0015 0.0012 0.0036 0.0008 0.0028 0.0028 0.0016 0.002 0.0012 0.0008 0.0016 0.0028 0.0024 0.0004 0.0008
66 0 0 0.0004 0.0008 0.0013 0.0012 0.0036 0.0008 0.0028 0.0028 0.0016 0.002 0.0012 0.0008 0.0016 0.0028 0.0024 0.0004 0.0008
67 0 0 0.0004 0.0008 0.0012 0.0012 0.0036 0.0008 0.0028 0.0028 0.0016 0.002 0.0012 0.0008 0.0016 0.0028 0.0024 0.0004 0.0008
68 0 0 0.0004 0.0008 0.0011 0.0012 0.0036 0.0008 0.0028 0.0028 0.0016 0.002 0.0012 0.0008 0.0016 0.0028 0.0024 0.0004 0.0008
69 0 0 0.0004 0.0008 0.0009 0.0012 0.0036 0.0008 0.0028 0.0028 0.0016 0.002 0.0012 0.0008 0.0016 0.0028 0.0024 0.0004 0.0008
70 0 0 0.0004 0.0007 0.0008 0.0012 0.0036 0.0008 0.0028 0.0028 0.0016 0.002 0.0012 0.0008 0.0016 0.0028 0.0024 0.0004 0.0008
71 0 0 0.0004 0.0005 0.0008 0.0012 0.0036 0.0008 0.0028 0.0028 0.0016 0.002 0.0012 0.0008 0.0016 0.0028 0.0024 0.0004 0.0008
72 0 0 0.0004 0.0004 0.0008 0.0012 0.0036 0.0008 0.0028 0.0028 0.0016 0.002 0.0012 0.0008 0.0016 0.0028 0.0024 0.0004 0.0008
73 0 0 0.0004 0.0004 0.0008 0.0012 0.0036 0.0008 0.0028 0.0027 0.0016 0.002 0.0012 0.0008 0.0016 0.0028 0.0024 0.0004 0.0008
74 0 0 0.0004 0.0004 0.0008 0.0012 0.0036 0.0008 0.0028 0.0025 0.0016 0.002 0.0012 0.0008 0.0016 0.0028 0.0024 0.0004 0.0008
75 0 0 0.0004 0.0004 0.0007 0.0011 0.0036 0.0008 0.0028 0.0024 0.0016 0.002 0.0012 0.0008 0.0016 0.0028 0.0024 0.0004 0.0008
76 0 0 0.0004 0.0004 0.0005 0.0009 0.0036 0.0008 0.0028 0.0024 0.0016 0.0019 0.0012 0.0008 0.0016 0.0027 0.0023 0.0004 0.0008
77 0 0 0.0004 0.0004 0.0004 0.0008 0.0036 0.0008 0.0028 0.0024 0.0016 0.0017 0.0012 0.0008 0.0016 0.0025 0.0021 0.0004 0.0008
78 0 0 0.0004 0.0004 0.0004 0.0008 0.0036 0.0008 0.0028 0.0024 0.0016 0.0016 0.0012 0.0008 0.0016 0.0024 0.002 0.0004 0.0008
79 0 0 0.0004 0.0004 0.0004 0.0008 0.0036 0.0008 0.0028 0.0024 0.0016 0.0016 0.0012 0.0008 0.0016 0.0024 0.002 0.0004 0.0008
80 0 0 0.0004 0.0004 0.0004 0.0008 0.0036 0.0007 0.0027 0.0024 0.0016 0.0016 0.0012 0.0008 0.0016 0.0024 0.002 0.0004 0.0008
81 0 0 0.0004 0.0004 0.0004 0.0008 0.0036 0.0005 0.0025 0.0024 0.0016 0.0016 0.0012 0.0008 0.0016 0.0024 0.002 0.0004 0.0008
82 0 0 0.0004 0.0004 0.0004 0.0008 0.0036 0.0004 0.0024 0.0024 0.0016 0.0016 0.0012 0.0008 0.0016 0.0022 0.002 0.0004 0.0008
83 0 0 0.0004 0.0004 0.0004 0.0008 0.0036 0.0004 0.0024 0.0024 0.0016 0.0016 0.0012 0.0008 0.0016 0.0018 0.002 0.0004 0.0008
84 0 0 0.0004 0.0004 0.0004 0.0008 0.0036 0.0004 0.0024 0.0024 0.0016 0.0016 0.0012 0.0008 0.0016 0.0016 0.002 0.0004 0.0008
85 0 0 0.0004 0.0004 0.0004 0.0008 0.0036 0.0004 0.0024 0.0024 0.0016 0.0016 0.0012 0.0008 0.0016 0.0016 0.002 0.0004 0.0008
86 0 0 0.0004 0.0004 0.0004 0.0008 0.0036 0.0004 0.0024 0.0024 0.0016 0.0016 0.0012 0.0008 0.0016 0.0016 0.002 0.0004 0.0008
87 0 0 0.0004 0.0004 0.0004 0.0008 0.0036 0.0004 0.0024 0.0024 0.0016 0.0016 0.0012 0.0008 0.0016 0.0016 0.002 0.0004 0.0008
88 0 0 0.0004 0.0004 0.0004 0.0008 0.0036 0.0004 0.0024 0.0024 0.0016 0.0016 0.0012 0.0008 0.0016 0.0016 0.002 0.0004 0.0008
89 0 0 0.0004 0.0004 0.0004 0.0008 0.0036 0.0004 0.0024 0.0023 0.0016 0.0016 0.0012 0.0008 0.0016 0.0016 0.002 0.0004 0.0007
90 0 0 0.0004 0.0004 0.0004 0.0008 0.0036 0.0004 0.0024 0.0021 0.0016 0.0016 0.0012 0.0008 0.0016 0.0016 0.0019 0.0004 0.0005
91 0 0 0.0004 0.0004 0.0004 0.0008 0.0036 0.0004 0.0024 0.002 0.0016 0.0016 0.0012 0.0008 0.0016 0.0016 0.0017 0.0004 0.0004
92 0 0 0.0004 0.0004 0.0004 0.0008 0.0036 0.0004 0.0024 0.002 0.0016 0.0016 0.0012 0.0008 0.0016 0.0016 0.0016 0.0004 0.0004
93 0 0 0.0004 0.0004 0.0004 0.0008 0.0036 0.0004 0.0024 0.002 0.0016 0.0016 0.0012 0.0008 0.0016 0.0016 0.0016 0.0004 0.0004
94 0 0 0.0004 0.0004 0.0004 0.0008 0.0036 0.0004 0.0024 0.002 0.0015 0.0016 0.0012 0.0008 0.0016 0.0016 0.0016 0.0004 0.0004
95 0 0 0.0004 0.0004 0.0004 0.0008 0.0036 0.0004 0.0024 0.002 0.0013 0.0016 0.0012 0.0007 0.0016 0.0016 0.0016 0.0004 0.0004
96 0 0 0.0004 0.0004 0.0004 0.0008 0.0036 0.0004 0.0024 0.0018 0.0012 0.0016 0.0012 0.0005 0.0016 0.0016 0.0016 0.0004 0.0004
97 0 0 0.0004 0.0004 0.0004 0.0008 0.0036 0.0004 0.0024 0.0014 0.0012 0.0016 0.0012 0.0004 0.0016 0.0016 0.0016 0.0004 0.0004
98 0 0 0.0004 0.0004 0.0004 0.0008 0.0036 0.0004 0.0024 0.0012 0.0012 0.0016 0.0012 0.0004 0.0016 0.0016 0.0016 0.0004 0.0004
99 0 0 0.0004 0.0004 0.0004 0.0008 0.0036 0.0004 0.0024 0.0012 0.0012 0.0016 0.0012 0.0004 0.0016 0.0016 0.0016 0.0004 0.0004
100 0 0 0.0004 0.0004 0.0004 0.0008 0.0036 0.0004 0.0024 0.0012 0.0012 0.0016 0.0012 0.0004 0.0016 0.0016 0.0016 0.0004 0.0004
101 0 0 0.0004 0.0004 0.0004 0.0008 0.0036 0.0004 0.0024 0.0012 0.0012 0.0016 0.0012 0.0004 0.0016 0.0016 0.0016 0.0004 0.0004
102 0 0 0.0004 0.0004 0.0004 0.0008 0.0036 0.0004 0.0024 0.0012 0.0012 0.0016 0.0012 0.0004 0.0016 0.0016 0.0016 0.0004 0.0004
103 0 0 0.0004 0.0004 0.0004 0.0008 0.0036 0.0004 0.0024 0.0012 0.0012 0.0016 0.0012 0.0004 0.0016 0.0016 0.0016 0.0004 0.0004
104 0 0 0.0004 0.0004 0.0004 0.0008 0.0036 0.0004 0.0023 0.0012 0.0012 0.0016 0.0012 0.0004 0.0016 0.0016 0.0016 0.0004 0.0004
105 0 0 0.0004 0.0004 0.0004 0.0008 0.0036 0.0004 0.0021 0.0012 0.0012 0.0016 0.0012 0.0004 0.0016 0.0016 0.0016 0.0004 0.0004
106 0 0 0.0004 0.0004 0.0004 0.0008 0.0036 0.0004 0.002 0.0012 0.0012 0.0016 0.0012 0.0004 0.0016 0.0016 0.0016 0.0004 0.0004
107 0 0 0.0004 0.0004 0.0004 0.0008 0.0036 0.0004 0.002 0.0012 0.0012 0.0016 0.0012 0.0004 0.0016 0.0016 0.0016 0.0004 0.0004
108 0 0 0.0004 0.0004 0.0004 0.0008 0.0036 0.0004 0.0019 0.0012 0.0012 0.0016 0.0012 0.0004 0.0016 0.0016 0.0016 0.0004 0.0004
109 0 0 0.0004 0.0004 0.0004 0.0008 0.0036 0.0004 0.0017 0.0012 0.0012 0.0016 0.0012 0.0004 0.0016 0.0016 0.0016 0.0004 0.0004
110 0 0 0.0004 0.0004 0.0004 0.0008 0.0036 0.0004 0.0016 0.0012 0.0012 0.0016 0.0012 0.0004 0.0016 0.0016 0.0016 0.0004 0.0004
111 0 0 0.0004 0.0004 0.0004 0.0008 0.0036 0.0004 0.0016 0.0012 0.0012 0.0016 0.0012 0.0004 0.0016 0.0016 0.0016 0.0004 0.0004
112 0 0 0.0004 0.0004 0.0004 0.0008 0.0035 0.0004 0.0016 0.0012 0.0012 0.0016 0.0012 0.0004 0.0016 0.0016 0.0016 0.0004 0.0004
113 0 0 0.0004 0.0004 0.0004 0.0008 0.0033 0.0004 0.0016 0.0012 0.0012 0.0016 0.0012 0.0004 0.0016 0.0016 0.0016 0.0004 0.0004
114 0 0 0.0004 0.0004 0.0004 0.0008 0.0032 0.0004 0.0016 0.0012 0.0012 0.0016 0.0012 0.0004 0.0016 0.0016 0.0016 0.0004 0.0004
115 0 0 0.0004 0.0004 0.0004 0.0008 0.0032 0.0004 0.0016 0.0012 0.0012 0.0016 0.0012 0.0004 0.0016 0.0015 0.0016 0.0004 0.0004
116 0 0 0.0004 0.0004 0.0004 0.0008 0.0032 0.0004 0.0016 0.0012 0.0012 0.0016 0.0011 0.0004 0.0016 0.0013 0.0016 0.0004 0.0004
117 0 0 0.0004 0.0004 0.0004 0.0008 0.0032 0.0004 0.0016 0.0012 0.0012 0.0016 0.0009 0.0004 0.0016 0.0012 0.0016 0.0004 0.0004
118 0 0 0.0004 0.0004 0.0004 0.0008 0.0032 0.0004 0.0015 0.0012 0.0012 0.0016 0.0008 0.0004 0.0016 0.0012 0.0016 0.0004 0.0004
119 0 0 0.0004 0.0004 0.0004 0.0008 0.0032 0.0004 0.0013 0.0012 0.0012 0.0016 0.0008 0.0004 0.0016 0.0012 0.0016 0.0004 0.0004
120 0 0 0.0004 0.0004 0.0004 0.0008 0.0032 0.0004 0.0011 0.0012 0.0012 0.0016 0.0008 0.0004 0.0016 0.0012 0.0016 0.0004 0.0004
121 0 0 0.0004 0.0004 0.0004 0.0008 0.0031 0.0004 0.0009 0.0012 0.0012 0.0016 0.0008 0.0004 0.0016 0.0012 0.0016 0.0004 0.0004
122 0 0 0.0004 0.0004 0.0004 0.0008 0.0029 0.0004 0.0008 0.0012 0.0012 0.0016 0.0008 0.0004 0.0015 0.0012 0.0016 0.0004 0.0004
123 0 0 0.0004 0.0004 0.0004 0.0008 0.0028 0.0004 0.0008 0.0012 0.0012 0.0015 0.0008 0.0004 0.0013 0.0012 0.0016 0.0004 0.0004
124 0 0 0.0004 0.0004 0.0004 0.0008 0.0028 0.0004 0.0008 0.0012 0.0012 0.0013 0.0008 0.0004 0.0012 0.0012 0.0016 0.0004 0.0004
125 0 0 0.0004 0.0004 0.0004 0.0008 0.0028 0.0004 0.0008 0.0012 0.0012 0.0012 0.0008 0.0004 0.0012 0.0012 0.0016 0.0004 0.0004
126 0 0 0.0004 0.0004 0.0004 0.0008 0.0028 0.0004 0.0008 0.0012 0.0012 0.0012 0.0008 0.0004 0.0012 0.0012 0.0016 0.0004 0.0004
127 0 0 0.0004 0.0004 0.0004 0.0008 0.0028 0.0004 0.0008 0.0012 0.0012 0.0012 0.0008 0.0004 0.0012 0.0012 0.0016 0.0004 0.0004
128 0 0 0.0004 0.0004 0.0004 0.0008 0.0028 0.0004 0.0008 0.0012 0.0012 0.0012 0.0008 0.0004 0.0012 0.0012 0.0016 0.0004 0.0004
129 0 0 0.0004 0.0004 0.0004 0.0008 0.0028 0.0004 0.0008 0.0012 0.0012 0.0012 0.0008 0.0004 0.0012 0.0012 0.0016 0.0004 0.0004
130 0 0 0.0004 0.0004 0.0004 0.0008 0.0028 0.0004 0.0008 0.0011 0.0012 0.0012 0.0008 0.0004 0.0012 0.0012 0.0016 0.0004 0.0004
131 0 0 0.0004 0.0004 0.0004 0.0007 0.0028 0.0004 0.0008 0.0009 0.0012 0.0012 0.0007 0.0004 0.0012 0.0011 0.0016 0.0004 0.0004
132 0 0 0.0004 0.0004 0.0004 0.0005 0.0028 0.0004 0.0008 0.0008 0.0011 0.0012 0.0005 0.0004 0.0012 0.0009 0.0016 0.0004 0.0004
133 0 0 0.0004 0.0004 0.0004 0.0004 0.0027 0.0004 0.0008 0.0008 0.0009 0.0012 0.0004 0.0004 0.0012 0.0008 0.0016 0.0004 0.0004
134 0 0 0.0004 0.0004 0.0004 0.0004 0.0025 0.0004 0.0008 0.0008 0.0008 0.0012 0.0004 0.0004 0.0012 0.0008 0.0016 0.0004 0.0004
135 0 0 0.0004 0.0004 0.0004 0.0004 0.0024 0.0004 0.0008 0.0008 0.0008 0.0011 0.0004 0.0004 0.0012 0.0008 0.0016 0.0004 0.0004
136 0 0 0.0004 0.0004 0.0004 0.0004 0.0024 0.0004 0.0008 0.0008 0.0008 0.0009 0.0004 0.0004 0.0012 0.0008 0.0016 0.0004 0.0004
137 0 0 0.0004 0.0004 0.0004 0.0004 0.0024 0.0004 0.0008 0.0008 0.0008 0.0008 0.0004 0.0004 0.0012 0.0008 0.0016 0.0004 0.0004
138 0 0 0.0004 0.0004 0.0004 0.0004 0.0023 0.0004 0.0008 0.0008 0.0008 0.0008 0.0004 0.0004 0.0012 0.0008 0.0016 0.0004 0.0004
139 0 0 0.0004 0.0004 0.0004 0.0004 0.0021 0.0004 0.0008 0.0008 0.0008 0.0008 0.0004 0.0004 0.0012 0.0008 0.0016 0.0004 0.0004
140 0 0 0.0004 0.0004 0.0004 0.0004 0.002 0.0004 0.0008 0.0008 0.0008 0.0008 0.0004 0.0004 0.0012 0.0008 0.0016 0.0004 0.0004
141 0 0 0.0004 0.0004 0.0004 0.0004 0.002 0.0004 0.0008 0.0008 0.0008 0.0008 0.0004 0.0004 0.0012 0.0008 0.0016 0.0004 0.0004
142 0 0 0.0004 0.0004 0.0004 0.0004 0.002 0.0004 0.0008 0.0008 0.0008 0.0008 0.0004 0.0004 0.0012 0.0008 0.0016 0.0004 0.0004
143 0 0 0.0004 0.0004 0.0004 0.0004 0.002 0.0004 0.0008 0.0008 0.0008 0.0008 0.0004 0.0004 0.0012 0.0008 0.0016 0.0004 0.0004
144 0 0 0.0003 0.0004 0.0004 0.0004 0.002 0.0004 0.0008 0.0008 0.0008 0.0008 0.0004 0.0004 0.0012 0.0008 0.0016 0.0004 0.0004
145 0 0 0.0001 0.0004 0.0004 0.0004 0.002 0.0004 0.0008 0.0008 0.0008 0.0008 0.0004 0.0004 0.0012 0.0008 0.0016 0.0004 0.0004
146 0 0 0 0.0004 0.0004 0.0004 0.002 0.0004 0.0008 0.0008 0.0008 0.0008 0.0004 0.0004 0.0012 0.0008 0.0015 0.0004 0.0004
147 0 0 0 0.0004 0.0004 0.0004 0.002 0.0004 0.0008 0.0008 0.0008 0.0008 0.0004 0.0004 0.0012 0.0008 0.0013 0.0004 0.0004
148 0 0 0 0.0004 0.0004 0.0004 0.002 0.0004 0.0008 0.0008 0.0008 0.0008 0.0004 0.0004 0.0012 0.0008 0.0011 0.0004 0.0004
149 0 0 0 0.0004 0.0004 0.0004 0.002 0.0004 0.0008 0.0008 0.0008 0.0008 0.0004 0.0004 0.0012 0.0007 0.0009 0.0004 0.0004
150 0 0 0 0.0003 0.0004 0.0004 0.002 0.0004 0.0008 0.0008 0.0008 0.0008 0.0004 0.0004 0.0012 0.0005 0.0008 0.0004 0.0004
151 0 0 0 0.0001 0.0004 0.0004 0.002 0.0004 0.0008 0.0008 0.0008 0.0008 0.0004 0.0004 0.0012 0.0004 0.0008 0.0004 0.0004
152 0 0 0 0 0.0004 0.0004 0.002 0.0004 0.0008 0.0008 0.0008 0.0008 0.0004 0.0004 0.0012 0.0004 0.0008 0.0004 0.0004
153 0 0 0 0 0.0004 0.0004 0.002 0.0004 0.0008 0.0008 0.0008 0.0008 0.0004 0.0004 0.0012 0.0004 0.0008 0.0004 0.0004
154 0 0 0 0 0.0004 0.0003 0.002 0.0004 0.0008 0.0008 0.0008 0.0008 0.0004 0.0004 0.0012 0.0004 0.0008 0.0004 0.0004
155 0 0 0 0 0.0004 0.0001 0.002 0.0004 0.0008 0.0008 0.0008 0.0008 0.0004 0.0004 0.0012 0.0004 0.0008 0.0004 0.0004
156 0 0 0 0 0.0004 0 0.002 0.0004 0.0008 0.0008 0.0008 0.0008 0.0004 0.0004 0.0011 0.0004 0.0008 0.0004 0.0004
157 0 0 0 0 0.0004 0 0.002 0.0004 0.0008 0.0008 0.0008 0.0008 0.0004 0.0004 0.0009 0.0004 0.0008 0.0004 0.0004
158 0 0 0 0 0.0004 0 0.002 0.0004 0.0008 0.0008 0.0008 0.0008 0.0004 0.0004 0.0008 0.0004 0.0008 0.0004 0.0004
159 0 0 0 0 0.0004 0 0.002 0.0004 0.0008 0.0007 0.0008 0.0008 0.0004 0.0004 0.0008 0.0004 0.0008 0.0004 0.0004
160 0 0 0 0 0.0004 0 0.002 0.0004 0.0008 0.0005 0.0008 0.0008 0.0004 0.0004 0.0008 0.0004 0.0007 0.0004 0.0004
161 0 0 0 0 0.0004 0 0.002 0.0004 0.0008 0.0004 0.0008 0.0008 0.0004 0.0004 0.0008 0.0004 0.0005 0.0004 0.0004
162 0 0 0 0 0.0004 0 0.002 0.0004 0.0008 0.0004 0.0008 0.0008 0.0004 0.0004 0.0008 0.0004 0.0004 0.0004 0.0004
163 0 0 0 0 0.0004 0 0.002 0.0004 0.0008 0.0004 0.0008 0.0008 0.0004 0.0004 0.0008 0.0004 0.0004 0.0004 0.0004
164 0 0 0 0 0.0004 0 0.002 0.0004 0.0008 0.0004 0.0008 0.0008 0.0004 0.0003 0.0008 0.0004 0.0004 0.0004 0.0004
165 0 0 0 0 0.0004 0 0.0019 0.0004 0.0008 0.0004 0.0008 0.0007 0.0004 0.0001 0.0008 0.0004 0.0004 0.0004 0.0004
166 0 0 0 0 0.0004 0 0.0017 0.0004 0.0008 0.0004 0.0008 0.0005 0.0004 0 0.0008 0.0004 0.0004 0.0004 0.0004
167 0 0 0 0 0.0004 0 0.0016 0.0004 0.0008 0.0004 0.0008 0.0004 0.0004 0 0.0008 0.0004 0.0004 0.0004 0.0004
168 0 0 0 0 0.0004 0 0.0016 0.0004 0.0008 0.0004 0.0008 0.0004 0.0004 0 0.0008 0.0004 0.0004 0.0004 0.0004
169 0 0 0 0 0.0004 0 0.0016 0.0004 0.0008 0.0004 0.0008 0.0004 0.0004 0 0.0008 0.0004 0.0004 0.0004 0.0004
170 0 0 0 0 0.0004 0 0.0016 0.0004 0.0008 0.0004 0.0008 0.0004 0.0004 0 0.0008 0.0004 0.0004 0.0004 0.0004
171 0 0 0 0 0.0004 0 0.0016 0.0004 0.0008 0.0004 0.0007 0.0004 0.0004 0 0.0007 0.0004 0.0004 0.0004 0.0004
172 0 0 0 0 0.0004 0 0.0016 0.0004 0.0008 0.0004 0.0005 0.0004 0.0004 0 0.0005 0.0004 0.0004 0.0004 0.0004
173 0 0 0 0 0.0004 0 0.0016 0.0004 0.0008 0.0004 0.0004 0.0004 0.0004 0 0.0003 0.0004 0.0004 0.0004 0.0004
174 0 0 0 0 0.0004 0 0.0016 0.0004 0.0008 0.0004 0.0004 0.0004 0.0004 0 0.0001 0.0004 0.0004 0.0004 0.0004
175 0 0 0 0 0.0004 0 0.0016 0.0004 0.0008 0.0004 0.0004 0.0004 0.0003 0 0 0.0004 0.0004 0.0004 0.0004
176 0 0 0 0 0.0004 0 0.0016 0.0004 0.0008 0.0004 0.0004 0.0004 0.0001 0 0 0.0004 0.0004 0.0004 0.0004
177 0 0 0 0 0.0004 0 0.0016 0.0004 0.0008 0.0004 0.0003 0.0004 0 0 0 0.0004 0.0004 0.0004 0.0004
178 0 0 0 0 0.0003 0 0.0016 0.0004 0.0008 0.0003 0.0001 0.0004 0 0 0 0.0004 0.0004 0.0004 0.0004
179 0 0 0 0 0.0001 0 0.0016 0.0004 0.0008 0.0001 0 0.0004 0 0 0 0.0004 0.0004 0.0004 0.0004
180 0 0 0 0 0 0 0.0016 0.0004 0.0008 0 0 0.0004 0 0 0 0.0004 0.0004 0.0004 0.0004
181 0 0 0 0 0 0 0.0016 0.0004 0.0008 0 0 0.0004 0 0 0 0.0004 0.0004 0.0004 0.0004
182 0 0 0 0 0 0 0.0016 0.0004 0.0008 0 0 0.0004 0 0 0 0.0004 0.0004 0.0004 0.0004
183 0 0 0 0 0 0 0.0016 0.0004 0.0008 0 0 0.0004 0 0 0 0.0004 0.0004 0.0004 0.0004
184 0 0 0 0 0 0 0.0015 0.0004 0.0008 0 0 0.0004 0 0 0 0.0004 0.0004 0.0004 0.0003
185 0 0 0 0 0 0 0.0013 0.0004 0.0008 0 0 0.0004 0 0 0 0.0004 0.0004 0.0004 0.0001
186 0 0 0 0 0 0 0.0011 0.0004 0.0008 0 0 0.0004 0 0 0 0.0004 0.0004 0.0004 0
187 0 0 0 0 0 0 0.0008 0.0004 0.0008 0 0 0.0004 0 0 0 0.0004 0.0004 0.0004 0
188 0 0 0 0 0 0 0.0005 0.0004 0.0007 0 0 0.0004 0 0 0 0.0003 0.0003 0.0004 0
189 0 0 0 0 0 0 0.0004 0.0003 0.0005 0 0 0.0004 0 0 0 0.0001 0.0001 0.0004 0
190 0 0 0 0 0 0 0.0004 0.0001 0.0004 0 0 0.0004 0 0 0 0 0 0.0004 0
191 0 0 0 0 0 0 0.0003 0 0.0004 0 0 0.0004 0 0 0 0 0 0.0004 0
192 0 0 0 0 0 0 0.0001 0 0.0004 0 0 0.0004 0 0 0 0 0 0.0004 0
193 0 0 0 0 0 0 0 0 0.0004 0 0 0.0003 0 0 0 0 0 0.0004 0
194 0 0 0 0 0 0 0 0 0.0004 0 0 0.0001 0 0 0 0 0 0.0004 0
195 0 0 0 0 0 0 0 0 0.0004 0 0 0 0 0 0 0 0 0.0004 0
196 0 0 0 0 0 0 0 0 0.0003 0 0 0 0 0 0 0 0 0.0004 0
197 0 0 0 0 0 0 0 0 0.0001 0 0 0 0 0 0 0 0 0.0004 0
198 0 0 0 0 0 0 0 0 0 0 0 0 0 0 0 0 0 0.0004 0
199 0 0 0 0 0 0 0 0 0 0 0 0 0 0 0 0 0 0.0004 0
200 0 0 0 0 0 0 0 0 0 0 0 0 0 0 0 0 0 0.0004 0
201 0 0 0 0 0 0 0 0 0 0 0 0 0 0 0 0 0 0.0004 0
202 0 0 0 0 0 0 0 0 0 0 0 0 0 0 0 0 0 0.0004 0
203 0 0 0 0 0 0 0 0 0 0 0 0 0 0 0 0 0 0.0004 0
204 0 0 0 0 0 0 0 0 0 0 0 0 0 0 0 0 0 0.0003 0
205 0 0 0 0 0 0 0 0 0 0 0 0 0 0 0 0 0 0.0001 0
206 0 0 0 0 0 0 0 0 0 0 0 0 0 0 0 0 0 0 0
207 0 0 0 0 0 0 0 0 0 0 0 0 0 0 0 0 0 0 0
208 0 0 0 0 0 0 0 0 0 0 0 0 0 0 0 0 0 0 0
209 0 0 0 0 0 0 0 0 0 0 0 0 0 0 0 0 0 0 0
210 0 0 0 0 0 0 0 0 0 0 0 0 0 0 0 0 0 0 0
211 0 0 0 0 0 0 0 0 0 0 0 0 0 0 0 0 0 0 0
212 0 0 0 0 0 0 0 0 0 0 0 0 0 0 0 0 0 0 0
213 0 0 0 0 0 0 0 0 0 0 0 0 0 0 0 0 0 0 0
214 0 0 0 0 0 0 0 0 0 0 0 0 0 0 0 0 0 0 0
215 0 0 0 0 0 0 0 0 0 0 0 0 0 0 0 0 0 0 0
216 0 0 0 0 0 0 0 0 0 0 0 0 0 0 0 0 0 0 0
217 0 0 0 0 0 0 0 0 0 0 0 0 0 0 0 0 0 0 0
218 0 0 0 0 0 0 0 0 0 0 0 0 0 0 0 0 0 0 0
219 0 0 0 0 0 0 0 0 0 0 0 0 0 0 0 0 0 0 0
220 0 0 0 0 0 0 0 0 0 0 0 0 0 0 0 0 0 0 0
221 0 0 0 0 0 0 0 0 0 0 0 0 0 0 0 0 0 0 0
222 0 0 0 0 0 0 0 0 0 0 0 0 0 0 0 0 0 0 0
223 0 0 0 0 0 0 0 0 0 0 0 0 0 0 0 0 0 0 0
224 0 0 0 0 0 0 0 0 0 0 0 0 0 0 0 0 0 0 0
225 0 0 0 0 0 0 0 0 0 0 0 0 0 0 0 0 0 0 0
226 0 0 0 0 0 0 0 0 0 0 0 0 0 0 0 0 0 0 0
227 0 0 0 0 0 0 0 0 0 0 0 0 0 0 0 0 0 0 0
228 0 0 0 0 0 0 0 0 0 0 0 0 0 0 0 0 0 0 0
229 0 0 0 0 0 0 0 0 0 0 0 0 0 0 0 0 0 0 0
230 0 0 0 0 0 0 0 0 0 0 0 0 0 0 0 0 0 0 0
231 0 0 0 0 0 0 0 0 0 0 0 0 0 0 0 0 0 0 0
232 0 0 0 0 0 0 0 0 0 0 0 0 0 0 0 0 0 0 0
233 0 0 0 0 0 0 0 0 0 0 0 0 0 0 0 0 0 0 0
234 0 0 0 0 0 0 0 0 0 0 0 0 0 0 0 0 0 0 0
235 0 0 0 0 0 0 0 0 0 0 0 0 0 0 0 0 0 0 0
236 0 0 0 0 0 0 0 0 0 0 0 0 0 0 0 0 0 0 0
237 0 0 0 0 0 0 0 0 0 0 0 0 0 0 0 0 0 0 0
238 0 0 0 0 0 0 0 0 0 0 0 0 0 0 0 0 0 0 0
239 0 0 0 0 0 0 0 0 0 0 0 0 0 0 0 0 0 0 0
240 0 0 0 0 0 0 0 0 0 0 0 0 0 0 0 0 0 0 0
241 0 0 0 0 0 0 0 0 0 0 0 0 0 0 0 0 0 0 0
242 0 0 0 0 0 0 0 0 0 0 0 0 0 0 0 0 0 0 0
243 0 0 0 0 0 0 0 0 0 0 0 0 0 0 0 0 0 0 0
244 0 0 0 0 0 0 0 0 0 0 0 0 0 0 0 0 0 0 0
245 0 0 0 0 0 0 0 0 0 0 0 0 0 0 0 0 0 0 0
246 0 0 0 0 0 0 0 0 0 0 0 0 0 0 0 0 0 0 0
247 0 0 0 0 0 0 0 0 0 0 0 0 0 0 0 0 0 0 0
248 0 0 0 0 0 0 0 0 0 0 0 0 0 0 0 0 0 0 0
249 0 0 0 0 0 0 0 0 0 0 0 0 0 0 0 0 0 0 0
250 0 0 0 0 0 0 0 0 0 0 0 0 0 0 0 0 0 0 0
251 0 0 0 0 0 0 0 0 0 0 0 0 0 0 0 0 0 0 0
252 0 0 0 0 0 0 0 0 0 0 0 0 0 0 0 0 0 0 0
253 0 0 0 0 0 0 0 0 0 0 0 0 0 0 0 0 0 0 0
254 0 0 0 0 0 0 0 0 0 0 0 0 0 0 0 0 0 0 0
255 0 0 0 0 0 0 0 0 0 0 0 0 0 0 0 0 0 0 0
256 0 0 0 0 0 0 0 0 0 0 0 0 0 0 0 0 0 0 0
257 0 0 0 0 0 0 0 0 0 0 0 0 0 0 0 0 0 0 0
258 0 0 0 0 0 0 0 0 0 0 0 0 0 0 0 0 0 0 0
259 0 0 0 0 0 0 0 0 0 0 0 0 0 0 0 0 0 0 0
260 0 0 0 0 0 0 0 0 0 0 0 0 0 0 0 0 0 0 0
261 0 0 0 0 0 0 0 0 0 0 0 0 0 0 0 0 0 0 0
262 0 0 0 0 0 0 0 0 0 0 0 0 0 0 0 0 0 0 0
263 0 0 0 0 0 0 0 0 0 0 0 0 0 0 0 0 0 0 0
264 0 0 0 0 0 0 0 0 0 0 0 0 0 0 0 0 0 0 0
265 0 0 0 0 0 0 0 0 0 0 0 0 0 0 0 0 0 0 0
266 0 0 0 0 0 0 0 0 0 0 0 0 0 0 0 0 0 0 0
267 0 0 0 0 0 0 0 0 0 0 0 0 0 0 0 0 0 0 0
268 0 0 0 0 0 0 0 0 0 0 0 0 0 0 0 0 0 0 0
269 0 0 0 0 0 0 0 0 0 0 0 0 0 0 0 0 0 0 0
270 0 0 0 0 0 0 0 0 0 0 0 0 0 0 0 0 0 0 0
271 0 0 0 0 0 0 0 0 0 0 0 0 0 0 0 0 0 0 0
272 0 0 0 0 0 0 0 0 0 0 0 0 0 0 0 0 0 0 0
273 0 0 0 0 0 0 0 0 0 0 0 0 0 0 0 0 0 0 0
274 0 0 0 0 0 0 0 0 0 0 0 0 0 0 0 0 0 0 0
275 0 0 0 0 0 0 0 0 0 0 0 0 0 0 0 0 0 0 0
276 0 0 0 0 0 0 0 0 0 0 0 0 0 0 0 0 0 0 0
277 0 0 0 0 0 0 0 0 0 0 0 0 0 0 0 0 0 0 0
278 0 0 0 0 0 0 0 0 0 0 0 0 0 0 0 0 0 0 0
279 0 0 0 0 0 0 0 0 0 0 0 0 0 0 0 0 0 0 0
280 0 0 0 0 0 0 0 0 0 0 0 0 0 0 0 0 0 0 0
281 0 0 0 0 0 0 0 0 0 0 0 0 0 0 0 0 0 0 0
282 0 0 0 0 0 0 0 0 0 0 0 0 0 0 0 0 0 0 0
283 0 0 0 0 0 0 0 0 0 0 0 0 0 0 0 0 0 0 0
284 0 0 0 0 0 0 0 0 0 0 0 0 0 0 0 0 0 0 0
285 0 0 0 0 0 0 0 0 0 0 0 0 0 0 0 0 0 0 0
286 0 0 0 0 0 0 0 0 0 0 0 0 0 0 0 0 0 0 0
287 0 0 0 0 0 0 0 0 0 0 0 0 0 0 0 0 0 0 0
288 0 0 0 0 0 0 0 0 0 0 0 0 0 0 0 0 0 0 0
289 0 0 0 0 0 0 0 0 0 0 0 0 0 0 0 0 0 0 0
290 0 0 0 0 0 0 0 0 0 0 0 0 0 0 0 0 0 0 0
291 0 0 0 0 0 0 0 0 0 0 0 0 0 0 0 0 0 0 0
292 0 0 0 0 0 0 0 0 0 0 0 0 0 0 0 0 0 0 0
293 0 0 0 0 0 0 0 0 0 0 0 0 0 0 0 0 0 0 0
294 0 0 0 0 0 0 0 0 0 0 0 0 0 0 0 0 0 0 0
295 0 0 0 0 0 0 0 0 0 0 0 0 0 0 0 0 0 0 0
296 0 0 0 0 0 0 0 0 0 0 0 0 0 0 0 0 0 0 0
297 0 0 0 0 0 0 0 0 0 0 0 0 0 0 0 0 0 0 0
298 0 0 0 0 0 0 0 0 0 0 0 0 0 0 0 0 0 0 0
299 0 0 0 0 0 0 0 0 0 0 0 0 0 0 0 0 0 0 0
300 0 0 0 0 0 0 0 0 0 0 0 0 0 0 0 0 0 0 0
301 0 0 0 0 0 0 0 0 0 0 0 0 0 0 0 0 0 0 0
302 0 0 0 0 0 0 0 0 0 0 0 0 0 0 0 0 0 0 0
303 0 0 0 0 0 0 0 0 0 0 0 0 0 0 0 0 0 0 0
304 0 0 0 0 0 0 0 0 0 0 0 0 0 0 0 0 0 0 0
305 0 0 0 0 0 0 0 0 0 0 0 0 0 0 0 0 0 0 0
306 0 0 0 0 0 0 0 0 0 0 0 0 0 0 0 0 0 0 0
307 0 0 0 0 0 0 0 0 0 0 0 0 0 0 0 0 0 0 0
308 0 0 0 0 0 0 0 0 0 0 0 0 0 0 0 0 0 0 0
309 0 0 0 0 0 0 0 0 0 0 0 0 0 0 0 0 0 0 0
310 0 0 0 0 0 0 0 0 0 0 0 0 0 0 0 0 0 0 0
311 0 0 0 0 0 0 0 0 0 0 0 0 0 0 0 0 0 0 0
312 0 0 0 0 0 0 0 0 0 0 0 0 0 0 0 0 0 0 0
313 0 0 0 0 0 0 0 0 0 0 0 0 0 0 0 0 0 0 0
314 0 0 0 0 0 0 0 0 0 0 0 0 0 0 0 0 0 0 0
315 0 0 0 0 0 0 0 0 0 0 0 0 0 0 0 0 0 0 0
316 0 0 0 0 0 0 0 0 0 0 0 0 0 0 0 0 0 0 0
317 0 0 0 0 0 0 0 0 0 0 0 0 0 0 0 0 0 0 0
318 0 0 0 0 0 0 0 0 0 0 0 0 0 0 0 0 0 0 0
319 0 0 0 0 0 0 0 0 0 0 0 0 0 0 0 0 0 0 0
320 0 0 0 0 0 0 0 0 0 0 0 0 0 0 0 0 0 0 0
321 0 0 0 0 0 0 0 0 0 0 0 0 0 0 0 0 0 0 0
322 0 0 0 0 0 0 0 0 0 0 0 0 0 0 0 0 0 0 0
323 0 0 0 0 0 0 0 0 0 0 0 0 0 0 0 0 0 0 0
324 0 0 0 0 0 0 0 0 0 0 0 0 0 0 0 0 0 0 0
325 0 0 0 0 0 0 0 0 0 0 0 0 0 0 0 0 0 0 0
326 0 0 0 0 0 0 0 0 0 0 0 0 0 0 0 0 0 0 0
327 0 0 0 0 0 0 0 0 0 0 0 0 0 0 0 0 0 0 0
328 0 0 0 0 0 0 0 0 0 0 0 0 0 0 0 0 0 0 0
329 0 0 0 0 0 0 0 0 0 0 0 0 0 0 0 0 0 0 0
330 0 0 0 0 0 0 0 0 0 0 0 0 0 0 0 0 0 0 0
331 0 0 0 0 0 0 0 0 0 0 0 0 0 0 0 0 0 0 0
332 0 0 0 0 0 0 0 0 0 0 0 0 0 0 0 0 0 0 0
333 0 0 0 0 0 0 0 0 0 0 0 0 0 0 0 0 0 0 0
334 0 0 0 0 0 0 0 0 0 0 0 0 0 0 0 0 0 0 0
335 0 0 0 0 0 0 0 0 0 0 0 0 0 0 0 0 0 0 0
336 0 0 0 0 0 0 0 0 0 0 0 0 0 0 0 0 0 0 0
337 0 0 0 0 0 0 0 0 0 0 0 0 0 0 0 0 0 0 0
338 0 0 0 0 0 0 0 0 0 0 0 0 0 0 0 0 0 0 0
339 0 0 0 0 0 0 0 0 0 0 0 0 0 0 0 0 0 0 0
340 0 0 0 0 0 0 0 0 0 0 0 0 0 0 0 0 0 0 0
341 0 0 0 0 0 0 0 0 0 0 0 0 0 0 0 0 0 0 0
342 0 0 0 0 0 0 0 0 0 0 0 0 0 0 0 0 0 0 0
343 0 0 0 0 0 0 0 0 0 0 0 0 0 0 0 0 0 0 0
344 0 0 0 0 0 0 0 0 0 0 0 0 0 0 0 0 0 0 0
345 0 0 0 0 0 0 0 0 0 0 0 0 0 0 0 0 0 0 0
346 0 0 0 0 0 0 0 0 0 0 0 0 0 0 0 0 0 0 0
347 0 0 0 0 0 0 0 0 0 0 0 0 0 0 0 0 0 0 0
348 0 0 0 0 0 0 0 0 0 0 0 0 0 0 0 0 0 0 0
349 0 0 0 0 0 0 0 0 0 0 0 0 0 0 0 0 0 0 0
350 0 0 0 0 0 0 0 0 0 0 0 0 0 0 0 0 0 0 0
351 0 0 0 0 0 0 0 0 0 0 0 0 0 0 0 0 0 0 0
352 0 0 0 0 0 0 0 0 0 0 0 0 0 0 0 0 0 0 0
353 0 0 0 0 0 0 0 0 0 0 0 0 0 0 0 0 0 0 0
354 0 0 0 0 0 0 0 0 0 0 0 0 0 0 0 0 0 0 0
355 0 0 0 0 0 0 0 0 0 0 0 0 0 0 0 0 0 0 0
356 0 0 0 0 0 0 0 0 0 0 0 0 0 0 0 0 0 0 0
357 0 0 0 0 0 0 0 0 0 0 0 0 0 0 0 0 0 0 0
358 0 0 0 0 0 0 0 0 0 0 0 0 0 0 0 0 0 0 0
359 0 0 0 0 0 0 0 0 0 0 0 0 0 0 0 0 0 0 0
360 0 0 0 0 0 0 0 0 0 0 0 0 0 0 0 0 0 0 0
361 0 0 0 0 0 0 0 0 0 0 0 0 0 0 0 0 0 0 0
362 0 0 0 0 0 0 0 0 0 0 0 0 0 0 0 0 0 0 0
363 0 0 0 0 0 0 0 0 0 0 0 0 0 0 0 0 0 0 0
364 0 0 0 0 0 0 0 0 0 0 0 0 0 0 0 0 0 0 0
365 0 0 0 0 0 0 0 0 0 0 0 0 0 0 0 0 0 0 0
366 0 0 0 0 0 0 0 0 0 0 0 0 0 0 0 0 0 0 0
367 0 0 0 0 0 0 0 0 0 0 0 0 0 0 0 0 0 0 0
368 0 0 0 0 0 0 0 0 0 0 0 0 0 0 0 0 0 0 0
369 0 0 0 0 0 0 0 0 0 0 0 0 0 0 0 0 0 0 0
370 0 0 0 0 0 0 0 0 0 0 0 0 0 0 0 0 0 0 0
371 0 0 0 0 0 0 0 0 0 0 0 0 0 0 0 0 0 0 0
372 0 0 0 0 0 0 0 0 0 0 0 0 0 0 0 0 0 0 0
373 0 0 0 0 0 0 0 0 0 0 0 0 0 0 0 0 0 0 0
374 0 0 0 0 0 0 0 0 0 0 0 0 0 0 0 0 0 0 0
375 0 0 0 0 0 0 0 0 0 0 0 0 0 0 0 0 0 0 0
376 0 0 0 0 0 0 0 0 0 0 0 0 0 0 0 0 0 0 0
377 0 0 0 0 0 0 0 0 0 0 0 0 0 0 0 0 0 0 0
378 0 0 0 0 0 0 0 0 0 0 0 0 0 0 0 0 0 0 0
379 0 0 0 0 0 0 0 0 0 0 0 0 0 0 0 0 0 0 0
380 0 0 0 0 0 0 0 0 0 0 0 0 0 0 0 0 0 0 0
381 0 0 0 0 0 0 0 0 0 0 0 0 0 0 0 0 0 0 0
382 0 0 0 0 0 0 0 0 0 0 0 0 0 0 0 0 0 0 0
383 0 0 0 0 0 0 0 0 0 0 0 0 0 0 0 0 0 0 0
384 0 0 0 0 0 0 0 0 0 0 0 0 0 0 0 0 0 0 0
385 0 0 0 0 0 0 0 0 0 0 0 0 0 0 0 0 0 0 0
386 0 0 0 0 0 0 0 0 0 0 0 0 0 0 0 0 0 0 0
387 0 0 0 0 0 0 0 0 0 0 0 0 0 0 0 0 0 0 0
388 0 0 0 0 0 0 0 0 0 0 0 0 0 0 0 0 0 0 0
389 0 0 0 0 0 0 0 0 0 0 0 0 0 0 0 0 0 0 0
390 0 0 0 0 0 0 0 0 0 0 0 0 0 0 0 0 0 0 0
391 0 0 0 0 0 0 0 0 0 0 0 0 0 0 0 0 0 0 0
392 0 0 0 0 0 0 0 0 0 0 0 0 0 0 0 0 0 0 0
393 0 0 0 0 0 0 0 0 0 0 0 0 0 0 0 0 0 0 0
394 0 0 0 0 0 0 0 0 0 0 0 0 0 0 0 0 0 0 0
395 0 0 0 0 0 0 0 0 0 0 0 0 0 0 0 0 0 0 0
396 0 0 0 0 0 0 0 0 0 0 0 0 0 0 0 0 0 0 0
397 0 0 0 0 0 0 0 0 0 0 0 0 0 0 0 0 0 0 0
398 0 0 0 0 0 0 0 0 0 0 0 0 0 0 0 0 0 0 0
399 0 0 0 0 0 0 0 0 0 0 0 0 0 0 0 0 0 0 0
400 0 0 0 0 0 0 0 0 0 0 0 0 0 0 0 0 0 0 0
401 0 0 0 0 0 0 0 0 0 0 0 0 0 0 0 0 0 0 0
402 0 0 0 0 0 0 0 0 0 0 0 0 0 0 0 0 0 0 0
403 0 0 0 0 0 0 0 0 0 0 0 0 0 0 0 0 0 0 0
404 0 0 0 0 0 0 0 0 0 0 0 0 0 0 0 0 0 0 0
405 0 0 0 0 0 0 0 0 0 0 0 0 0 0 0 0 0 0 0
406 0 0 0 0 0 0 0 0 0 0 0 0 0 0 0 0 0 0 0
407 0 0 0 0 0 0 0 0 0 0 0 0 0 0 0 0 0 0 0
408 0 0 0 0 0 0 0 0 0 0 0 0 0 0 0 0 0 0 0
409 0 0 0 0 0 0 0 0 0 0 0 0 0 0 0 0 0 0 0
410 0 0 0 0 0 0 0 0 0 0 0 0 0 0 0 0 0 0 0
411 0 0 0 0 0 0 0 0 0 0 0 0 0 0 0 0 0 0 0
412 0 0 0 0 0 0 0 0 0 0 0 0 0 0 0 0 0 0 0
413 0 0 0 0 0 0 0 0 0 0 0 0 0 0 0 0 0 0 0
414 0 0 0 0 0 0 0 0 0 0 0 0 0 0 0 0 0 0 0
415 0 0 0 0 0 0 0 0 0 0 0 0 0 0 0 0 0 0 0
416 0 0 0 0 0 0 0 0 0 0 0 0 0 0 0 0 0 0 0
417 0 0 0 0 0 0 0 0 0 0 0 0 0 0 0 0 0 0 0
418 0 0 0 0 0 0 0 0 0 0 0 0 0 0 0 0 0 0 0
419 0 0 0 0 0 0 0 0 0 0 0 0 0 0 0 0 0 0 0
420 0 0 0 0 0 0 0 0 0 0 0 0 0 0 0 0 0 0 0
421 0 0 0 0 0 0 0 0 0 0 0 0 0 0 0 0 0 0 0
422 0 0 0 0 0 0 0 0 0 0 0 0 0 0 0 0 0 0 0
423 0 0 0 0 0 0 0 0 0 0 0 0 0 0 0 0 0 0 0
424 0 0 0 0 0 0 0 0 0 0 0 0 0 0 0 0 0 0 0
425 0 0 0 0 0 0 0 0 0 0 0 0 0 0 0 0 0 0 0
426 0 0 0 0 0 0 0 0 0 0 0 0 0 0 0 0 0 0 0
427 0 0 0 0 0 0 0 0 0 0 0 0 0 0 0 0 0 0 0
428 0 0 0 0 0 0 0 0 0 0 0 0 0 0 0 0 0 0 0
429 0 0 0 0 0 0 0 0 0 0 0 0 0 0 0 0 0 0 0
430 0 0 0 0 0 0 0 0 0 0 0 0 0 0 0 0 0 0 0
431 0 0 0 0 0 0 0 0 0 0 0 0 0 0 0 0 0 0 0
432 0 0 0 0 0 0 0 0 0 0 0 0 0 0 0 0 0 0 0
433 0 0 0 0 0 0 0 0 0 0 0 0 0 0 0 0 0 0 0
434 0 0 0 0 0 0 0 0 0 0 0 0 0 0 0 0 0 0 0
435 0 0 0 0 0 0 0 0 0 0 0 0 0 0 0 0 0 0 0
436 0 0 0 0 0 0 0 0 0 0 0 0 0 0 0 0 0 0 0
437 0 0 0 0 0 0 0 0 0 0 0 0 0 0 0 0 0 0 0
438 0 0 0 0 0 0 0 0 0 0 0 0 0 0 0 0 0 0 0
439 0 0 0 0 0 0 0 0 0 0 0 0 0 0 0 0 0 0 0
440 0 0 0 0 0 0 0 0 0 0 0 0 0 0 0 0 0 0 0
441 0 0 0 0 0 0 0 0 0 0 0 0 0 0 0 0 0 0 0
442 0 0 0 0 0 0 0 0 0 0 0 0 0 0 0 0 0 0 0
443 0 0 0 0 0 0 0 0 0 0 0 0 0 0 0 0 0 0 0
444 0 0 0 0 0 0 0 0 0 0 0 0 0 0 0 0 0 0 0
445 0 0 0 0 0 0 0 0 0 0 0 0 0 0 0 0 0 0 0
446 0 0 0 0 0 0 0 0 0 0 0 0 0 0 0 0 0 0 0
447 0 0 0 0 0 0 0 0 0 0 0 0 0 0 0 0 0 0 0
448 0 0 0 0 0 0 0 0 0 0 0 0 0 0 0 0 0 0 0
449 0 0 0 0 0 0 0 0 0 0 0 0 0 0 0 0 0 0 0
450 0 0 0 0 0 0 0 0 0 0 0 0 0 0 0 0 0 0 0
451 0 0 0 0 0 0 0 0 0 0 0 0 0 0 0 0 0 0 0
452 0 0 0 0 0 0 0 0 0 0 0 0 0 0 0 0 0 0 0
453 0 0 0 0 0 0 0 0 0 0 0 0 0 0 0 0 0 0 0
454 0 0 0 0 0 0 0 0 0 0 0 0 0 0 0 0 0 0 0
455 0 0 0 0 0 0 0 0 0 0 0 0 0 0 0 0 0 0 0
456 0 0 0 0 0 0 0 0 0 0 0 0 0 0 0 0 0 0 0
457 0 0 0 0 0 0 0 0 0 0 0 0 0 0 0 0 0 0 0
458 0 0 0 0 0 0 0 0 0 0 0 0 0 0 0 0 0 0 0
459 0 0 0 0 0 0 0 0 0 0 0 0 0 0 0 0 0 0 0
460 0 0 0 0 0 0 0 0 0 0 0 0 0 0 0 0 0 0 0
461 0 0 0 0 0 0 0 0 0 0 0 0 0 0 0 0 0 0 0
462 0 0 0 0 0 0 0 0 0 0 0 0 0 0 0 0 0 0 0
463 0 0 0 0 0 0 0 0 0 0 0 0 0 0 0 0 0 0 0
464 0 0 0 0 0 0 0 0 0 0 0 0 0 0 0 0 0 0 0
465 0 0 0 0 0 0 0 0 0 0 0 0 0 0 0 0 0 0 0
466 0 0 0 0 0 0 0 0 0 0 0 0 0 0 0 0 0 0 0
467 0 0 0 0 0 0 0 0 0 0 0 0 0 0 0 0 0 0 0
468 0 0 0 0 0 0 0 0 0 0 0 0 0 0 0 0 0 0 0
469 0 0 0 0 0 0 0 0 0 0 0 0 0 0 0 0 0 0 0
470 0 0 0 0 0 0 0 0 0 0 0 0 0 0 0 0 0 0 0
471 0 0 0 0 0 0 0 0 0 0 0 0 0 0 0 0 0 0 0
472 0 0 0 0 0 0 0 0 0 0 0 0 0 0 0 0 0 0 0
473 0 0 0 0 0 0 0 0 0 0 0 0 0 0 0 0 0 0 0
474 0 0 0 0 0 0 0 0 0 0 0 0 0 0 0 0 0 0 0
475 0 0 0 0 0 0 0 0 0 0 0 0 0 0 0 0 0 0 0
476 0 0 0 0 0 0 0 0 0 0 0 0 0 0 0 0 0 0 0
477 0 0 0 0 0 0 0 0 0 0 0 0 0 0 0 0 0 0 0
478 0 0 0 0 0 0 0 0 0 0 0 0 0 0 0 0 0 0 0
479 0 0 0 0 0 0 0 0 0 0 0 0 0 0 0 0 0 0 0
480 0 0 0 0 0 0 0 0 0 0 0 0 0 0 0 0 0 0 0
481 0 0 0 0 0 0 0 0 0 0 0 0 0 0 0 0 0 0 0
482 0 0 0 0 0 0 0 0 0 0 0 0 0 0 0 0 0 0 0
483 0 0 0 0 0 0 0 0 0 0 0 0 0 0 0 0 0 0 0
484 0 0 0 0 0 0 0 0 0 0 0 0 0 0 0 0 0 0 0
485 0 0 0 0 0 0 0 0 0 0 0 0 0 0 0 0 0 0 0
486 0 0 0 0 0 0 0 0 0 0 0 0 0 0 0 0 0 0 0
487 0 0 0 0 0 0 0 0 0 0 0 0 0 0 0 0 0 0 0
488 0 0 0 0 0 0 0 0 0 0 0 0 0 0 0 0 0 0 0
489 0 0 0 0 0 0 0 0 0 0 0 0 0 0 0 0 0 0 0
490 0 0 0 0 0 0 0 0 0 0 0 0 0 0 0 0 0 0 0
491 0 0 0 0 0 0 0 0 0 0 0 0 0 0 0 0 0 0 0
492 0 0 0 0 0 0 0 0 0 0 0 0 0 0 0 0 0 0 0
493 0 0 0 0 0 0 0 0 0 0 0 0 0 0 0 0 0 0 0
494 0 0 0 0 0 0 0 0 0 0 0 0 0 0 0 0 0 0 0
495 0 0 0 0 0 0 0 0 0 0 0 0 0 0 0 0 0 0 0
496 0 0 0 0 0 0 0 0 0 0 0 0 0 0 0 0 0 0 0
497 0 0 0 0 0 0 0 0 0 0 0 0 0 0 0 0 0 0 0
498 0 0 0 0 0 0 0 0 0 0 0 0 0 0 0 0 0 0 0
499 0 0 0 0 0 0 0 0 0 0 0 0 0 0 0 0 0 0 0
500 0 0 0 0 0 0 0 0 0 0 0 0 0 0 0 0 0 0 0
501 0 0 0 0 0 0 0 0 0 0 0 0 0 0 0 0 0 0 0
502 0 0 0 0 0 0 0 0 0 0 0 0 0 0 0 0 0 0 0
503 0 0 0 0 0 0 0 0 0 0 0 0 0 0 0 0 0 0 0
504 0 0 0 0 0 0 0 0 0 0 0 0 0 0 0 0 0 0 0
505 0 0 0 0 0 0 0 0 0 0 0 0 0 0 0 0 0 0 0
506 0 0 0 0 0 0 0 0 0 0 0 0 0 0 0 0 0 0 0
507 0 0 0 0 0 0 0 0 0 0 0 0 0 0 0 0 0 0 0
508 0 0 0 0 0 0 0 0 0 0 0 0 0 0 0 0 0 0 0
509 0 0 0 0 0 0 0 0 0 0 0 0 0 0 0 0 0 0 0
510 0 0 0 0 0 0 0 0 0 0 0 0 0 0 0 0 0 0 0
511 0 0 0 0 0 0 0 0 0 0 0 0 0 0 0 0 0 0 0
512 0 0 0 0 0 0 0 0 0 0 0 0 0 0 0 0 0 0 0
513 0 0 0 0 0 0 0 0 0 0 0 0 0 0 0 0 0 0 0
514 0 0 0 0 0 0 0 0 0 0 0 0 0 0 0 0 0 0 0
515 0 0 0 0 0 0 0 0 0 0 0 0 0 0 0 0 0 0 0
516 0 0 0 0 0 0 0 0 0 0 0 0 0 0 0 0 0 0 0
517 0 0 0 0 0 0 0 0 0 0 0 0 0 0 0 0 0 0 0
518 0 0 0 0 0 0 0 0 0 0 0 0 0 0 0 0 0 0 0
519 0 0 0 0 0 0 0 0 0 0 0 0 0 0 0 0 0 0 0
520 0 0 0 0 0 0 0 0 0 0 0 0 0 0 0 0 0 0 0
521 0 0 0 0 0 0 0 0 0 0 0 0 0 0 0 0 0 0 0
522 0 0 0 0 0 0 0 0 0 0 0 0 0 0 0 0 0 0 0
523 0 0 0 0 0 0 0 0 0 0 0 0 0 0 0 0 0 0 0
524 0 0 0 0 0 0 0 0 0 0 0 0 0 0 0 0 0 0 0
525 0 0 0 0 0 0 0 0 0 0 0 0 0 0 0 0 0 0 0
526 0 0 0 0 0 0 0 0 0 0 0 0 0 0 0 0 0 0 0
527 0 0 0 0 0 0 0 0 0 0 0 0 0 0 0 0 0 0 0
528 0 0 0 0 0 0 0 0 0 0 0 0 0 0 0 0 0 0 0
529 0 0 0 0 0 0 0 0 0 0 0 0 0 0 0 0 0 0 0
530 0 0 0 0 0 0 0 0 0 0 0 0 0 0 0 0 0 0 0
531 0 0 0 0 0 0 0 0 0 0 0 0 0 0 0 0 0 0 0
532 0 0 0 0 0 0 0 0 0 0 0 0 0 0 0 0 0 0 0
533 0 0 0 0 0 0 0 0 0 0 0 0 0 0 0 0 0 0 0
534 0 0 0 0 0 0 0 0 0 0 0 0 0 0 0 0 0 0 0
535 0 0 0 0 0 0 0 0 0 0 0 0 0 0 0 0 0 0 0
536 0 0 0 0 0 0 0 0 0 0 0 0 0 0 0 0 0 0 0
537 0 0 0 0 0 0 0 0 0 0 0 0 0 0 0 0 0 0 0
538 0 0 0 0 0 0 0 0 0 0 0 0 0 0 0 0 0 0 0
539 0 0 0 0 0 0 0 0 0 0 0 0 0 0 0 0 0 0 0
540 0 0 0 0 0 0 0 0 0 0 0 0 0 0 0 0 0 0 0
541 0 0 0 0 0 0 0 0 0 0 0 0 0 0 0 0 0 0 0
542 0 0 0 0 0 0 0 0 0 0 0 0 0 0 0 0 0 0 0
543 0 0 0 0 0 0 0 0 0 0 0 0 0 0 0 0 0 0 0
544 0 0 0 0 0 0 0 0 0 0 0 0 0 0 0 0 0 0 0
545 0 0 0 0 0 0 0 0 0 0 0 0 0 0 0 0 0 0 0
546 0 0 0 0 0 0 0 0 0 0 0 0 0 0 0 0 0 0 0
547 0 0 0 0 0 0 0 0 0 0 0 0 0 0 0 0 0 0 0
548 0 0 0 0 0 0 0 0 0 0 0 0 0 0 0 0 0 0 0
549 0 0 0 0 0 0 0 0 0 0 0 0 0 0 0 0 0 0 0
550 0 0 0 0 0 0 0 0 0 0 0 0 0 0 0 0 0 0 0
551 0 0 0 0 0 0 0 0 0 0 0 0 0 0 0 0 0 0 0
552 0 0 0 0 0 0 0 0 0 0 0 0 0 0 0 0 0 0 0
553 0 0 0 0 0 0 0 0 0 0 0 0 0 0 0 0 0 0 0
554 0 0 0 0 0 0 0 0 0 0 0 0 0 0 0 0 0 0 0
555 0 0 0 0 0 0 0 0 0 0 0 0 0 0 0 0 0 0 0
556 0 0 0 0 0 0 0 0 0 0 0 0 0 0 0 0 0 0 0
557 0 0 0 0 0 0 0 0 0 0 0 0 0 0 0 0 0 0 0
558 0 0 0 0 0 0 0 0 0 0 0 0 0 0 0 0 0 0 0
559 0 0 0 0 0 0 0 0 0 0 0 0 0 0 0 0 0 0 0
560 0 0 0 0 0 0 0 0 0 0 0 0 0 0 0 0 0 0 0
561 0 0 0 0 0 0 0 0 0 0 0 0 0 0 0 0 0 0 0
562 0 0 0 0 0 0 0 0 0 0 0 0 0 0 0 0 0 0 0
563 0 0 0 0 0 0 0 0 0 0 0 0 0 0 0 0 0 0 0
564 0 0 0 0 0 0 0 0 0 0 0 0 0 0 0 0 0 0 0
565 0 0 0 0 0 0 0 0 0 0 0 0 0 0 0 0 0 0 0
566 0 0 0 0 0 0 0 0 0 0 0 0 0 0 0 0 0 0 0
567 0 0 0 0 0 0 0 0 0 0 0 0 0 0 0 0 0 0 0
568 0 0 0 0 0 0 0 0 0 0 0 0 0 0 0 0 0 0 0
569 0 0 0 0 0 0 0 0 0 0 0 0 0 0 0 0 0 0 0
570 0 0 0 0 0 0 0 0 0 0 0 0 0 0 0 0 0 0 0
571 0 0 0 0 0 0 0 0 0 0 0 0 0 0 0 0 0 0 0
572 0 0 0 0 0 0 0 0 0 0 0 0 0 0 0 0 0 0 0
573 0 0 0 0 0 0 0 0 0 0 0 0 0 0 0 0 0 0 0
574 0 0 0 0 0 0 0 0 0 0 0 0 0 0 0 0 0 0 0
575 0 0 0 0 0 0 0 0 0 0 0 0 0 0 0 0 0 0 0
576 0 0 0 0 0 0 0 0 0 0 0 0 0 0 0 0 0 0 0
577 0 0 0 0 0 0 0 0 0 0 0 0 0 0 0 0 0 0 0
578 0 0 0 0 0 0 0 0 0 0 0 0 0 0 0 0 0 0 0
579 0 0 0 0 0 0 0 0 0 0 0 0 0 0 0 0 0 0 0
580 0 0 0 0 0 0 0 0 0 0 0 0 0 0 0 0 0 0 0
581 0 0 0 0 0 0 0 0 0 0 0 0 0 0 0 0 0 0 0
582 0 0 0 0 0 0 0 0 0 0 0 0 0 0 0 0 0 0 0
583 0 0 0 0 0 0 0 0 0 0 0 0 0 0 0 0 0 0 0
584 0 0 0 0 0 0 0 0 0 0 0 0 0 0 0 0 0 0 0
585 0 0 0 0 0 0 0 0 0 0 0 0 0 0 0 0 0 0 0
586 0 0 0 0 0 0 0 0 0 0 0 0 0 0 0 0 0 0 0
587 0 0 0 0 0 0 0 0 0 0 0 0 0 0 0 0 0 0 0
588 0 0 0 0 0 0 0 0 0 0 0 0 0 0 0 0 0 0 0
589 0 0 0 0 0 0 0 0 0 0 0 0 0 0 0 0 0 0 0
590 0 0 0 0 0 0 0 0 0 0 0 0 0 0 0 0 0 0 0
591 0 0 0 0 0 0 0 0 0 0 0 0 0 0 0 0 0 0 0
592 0 0 0 0 0 0 0 0 0 0 0 0 0 0 0 0 0 0 0
593 0 0 0 0 0 0 0 0 0 0 0 0 0 0 0 0 0 0 0
594 0 0 0 0 0 0 0 0 0 0 0 0 0 0 0 0 0 0 0
595 0 0 0 0 0 0 0 0 0 0 0 0 0 0 0 0 0 0 0
596 0 0 0 0 0 0 0 0 0 0 0 0 0 0 0 0 0 0 0
597 0 0 0 0 0 0 0 0 0 0 0 0 0 0 0 0 0 0 0
598 0 0 0 0 0 0 0 0 0 0 0 0 0 0 0 0 0 0 0
599 0 0 0 0 0 0 0 0 0 0 0 0 0 0 0 0 0 0 0
600 0 0 0 0 0 0 0 0 0 0 0 0 0 0 0 0 0 0 0
601 0 0 0 0 0 0 0 0 0 0 0 0 0 0 0 0 0 0 0
602 0 0 0 0 0 0 0 0 0 0 0 0 0 0 0 0 0 0 0
603 0 0 0 0 0 0 0 0 0 0 0 0 0 0 0 0 0 0 0
604 0 0 0 0 0 0 0 0 0 0 0 0 0 0 0 0 0 0 0
605 0 0 0 0 0 0 0 0 0 0 0 0 0 0 0 0 0 0 0
606 0 0 0 0 0 0 0 0 0 0 0 0 0 0 0 0 0 0 0
607 0 0 0 0 0 0 0 0 0 0 0 0 0 0 0 0 0 0 0
608 0 0 0 0 0 0 0 0 0 0 0 0 0 0 0 0 0 0 0
609 0 0 0 0 0 0 0 0 0 0 0 0 0 0 0 0 0 0 0
610 0 0 0 0 0 0 0 0 0 0 0 0 0 0 0 0 0 0 0
611 0 0 0 0 0 0 0 0 0 0 0 0 0 0 0 0 0 0 0
612 0 0 0 0 0 0 0 0 0 0 0 0 0 0 0 0 0 0 0
613 0 0 0 0 0 0 0 0 0 0 0 0 0 0 0 0 0 0 0
614 0 0 0 0 0 0 0 0 0 0 0 0 0 0 0 0 0 0 0
615 0 0 0 0 0 0 0 0 0 0 0 0 0 0 0 0 0 0 0
616 0 0 0 0 0 0 0 0 0 0 0 0 0 0 0 0 0 0 0
617 0 0 0 0 0 0 0 0 0 0 0 0 0 0 0 0 0 0 0
618 0 0 0 0 0 0 0 0 0 0 0 0 0 0 0 0 0 0 0
619 0 0 0 0 0 0 0 0 0 0 0 0 0 0 0 0 0 0 0
620 0 0 0 0 0 0 0 0 0 0 0 0 0 0 0 0 0 0 0
621 0 0 0 0 0 0 0 0 0 0 0 0 0 0 0 0 0 0 0
622 0 0 0 0 0 0 0 0 0 0 0 0 0 0 0 0 0 0 0
623 0 0 0 0 0 0 0 0 0 0 0 0 0 0 0 0 0 0 0
624 0 0 0 0 0 0 0 0 0 0 0 0 0 0 0 0 0 0 0
625 0 0 0 0 0 0 0 0 0 0 0 0 0 0 0 0 0 0 0
626 0 0 0 0 0 0 0 0 0 0 0 0 0 0 0 0 0 0 0
627 0 0 0 0 0 0 0 0 0 0 0 0 0 0 0 0 0 0 0
628 0 0 0 0 0 0 0 0 0 0 0 0 0 0 0 0 0 0 0
629 0 0 0 0 0 0 0 0 0 0 0 0 0 0 0 0 0 0 0
630 0 0 0 0 0 0 0 0 0 0 0 0 0 0 0 0 0 0 0
631 0 0 0 0 0 0 0 0 0 0 0 0 0 0 0 0 0 0 0
632 0 0 0 0 0 0 0 0 0 0 0 0 0 0 0 0 0 0 0
633 0 0 0 0 0 0 0 0 0 0 0 0 0 0 0 0 0 0 0
634 0 0 0 0 0 0 0 0 0 0 0 0 0 0 0 0 0 0 0
635 0 0 0 0 0 0 0 0 0 0 0 0 0 0 0 0 0 0 0
636 0 0 0 0 0 0 0 0 0 0 0 0 0 0 0 0 0 0 0
637 0 0 0 0 0 0 0 0 0 0 0 0 0 0 0 0 0 0 0
638 0 0 0 0 0 0 0 0 0 0 0 0 0 0 0 0 0 0 0
639 0 0 0 0 0 0 0 0 0 0 0 0 0 0 0 0 0 0 0
640 0 0 0 0 0 0 0 0 0 0 0 0 0 0 0 0 0 0 0
641 0 0 0 0 0 0 0 0 0 0 0 0 0 0 0 0 0 0 0
642 0 0 0 0 0 0 0 0 0 0 0 0 0 0 0 0 0 0 0
643 0 0 0 0 0 0 0 0 0 0 0 0 0 0 0 0 0 0 0
644 0 0 0 0 0 0 0 0 0 0 0 0 0 0 0 0 0 0 0
645 0 0 0 0 0 0 0 0 0 0 0 0 0 0 0 0 0 0 0
646 0 0 0 0 0 0 0 0 0 0 0 0 0 0 0 0 0 0 0
647 0 0 0 0 0 0 0 0 0 0 0 0 0 0 0 0 0 0 0
648 0 0 0 0 0 0 0 0 0 0 0 0 0 0 0 0 0 0 0
649 0 0 0 0 0 0 0 0 0 0 0 0 0 0 0 0 0 0 0
650 0 0 0 0 0 0 0 0 0 0 0 0 0 0 0 0 0 0 0
651 0 0 0 0 0 0 0 0 0 0 0 0 0 0 0 0 0 0 0
652 0 0 0 0 0 0 0 0 0 0 0 0 0 0 0 0 0 0 0
653 0 0 0 0 0 0 0 0 0 0 0 0 0 0 0 0 0 0 0
654 0 0 0 0 0 0 0 0 0 0 0 0 0 0 0 0 0 0 0
655 0 0 0 0 0 0 0 0 0 0 0 0 0 0 0 0 0 0 0
656 0 0 0 0 0 0 0 0 0 0 0 0 0 0 0 0 0 0 0
657 0 0 0 0 0 0 0 0 0 0 0 0 0 0 0 0 0 0 0
658 0 0 0 0 0 0 0 0 0 0 0 0 0 0 0 0 0 0 0
659 0 0 0 0 0 0 0 0 0 0 0 0 0 0 0 0 0 0 0
660 0 0 0 0 0 0 0 0 0 0 0 0 0 0 0 0 0 0 0
661 0 0 0 0 0 0 0 0 0 0 0 0 0 0 0 0 0 0 0
662 0 0 0 0 0 0 0 0 0 0 0 0 0 0 0 0 0 0 0
663 0 0 0 0 0 0 0 0 0 0 0 0 0 0 0 0 0 0 0
664 0 0 0 0 0 0 0 0 0 0 0 0 0 0 0 0 0 0 0
665 0 0 0 0 0 0 0 0 0 0 0 0 0 0 0 0 0 0 0
666 0 0 0 0 0 0 0 0 0 0 0 0 0 0 0 0 0 0 0
667 0 0 0 0 0 0 0 0 0 0 0 0 0 0 0 0 0 0 0
668 0 0 0 0 0 0 0 0 0 0 0 0 0 0 0 0 0 0 0
669 0 0 0 0 0 0 0 0 0 0 0 0 0 0 0 0 0 0 0
670 0 0 0 0 0 0 0 0 0 0 0 0 0 0 0 0 0 0 0
671 0 0 0 0 0 0 0 0 0 0 0 0 0 0 0 0 0 0 0
672 0 0 0 0 0 0 0 0 0 0 0 0 0 0 0 0 0 0 0
673 0 0 0 0 0 0 0 0 0 0 0 0 0 0 0 0 0 0 0
674 0 0 0 0 0 0 0 0 0 0 0 0 0 0 0 0 0 0 0
675 0 0 0 0 0 0 0 0 0 0 0 0 0 0 0 0 0 0 0
676 0 0 0 0 0 0 0 0 0 0 0 0 0 0 0 0 0 0 0
677 0 0 0 0 0 0 0 0 0 0 0 0 0 0 0 0 0 0 0
678 0 0 0 0 0 0 0 0 0 0 0 0 0 0 0 0 0 0 0
679 0 0 0 0 0 0 0 0 0 0 0 0 0 0 0 0 0 0 0
680 0 0 0 0 0 0 0 0 0 0 0 0 0 0 0 0 0 0 0
681 0 0 0 0 0 0 0 0 0 0 0 0 0 0 0 0 0 0 0
682 0 0 0 0 0 0 0 0 0 0 0 0 0 0 0 0 0 0 0
683 0 0 0 0 0 0 0 0 0 0 0 0 0 0 0 0 0 0 0
684 0 0 0 0 0 0 0 0 0 0 0 0 0 0 0 0 0 0 0
685 0 0 0 0 0 0 0 0 0 0 0 0 0 0 0 0 0 0 0
686 0 0 0 0 0 0 0 0 0 0 0 0 0 0 0 0 0 0 0
687 0 0 0 0 0 0 0 0 0 0 0 0 0 0 0 0 0 0 0
688 0 0 0 0 0 0 0 0 0 0 0 0 0 0 0 0 0 0 0
689 0 0 0 0 0 0 0 0 0 0 0 0 0 0 0 0 0 0 0
690 0 0 0 0 0 0 0 0 0 0 0 0 0 0 0 0 0 0 0
691 0 0 0 0 0 0 0 0 0 0 0 0 0 0 0 0 0 0 0
692 0 0 0 0 0 0 0 0 0 0 0 0 0 0 0 0 0 0 0
693 0 0 0 0 0 0 0 0 0 0 0 0 0 0 0 0 0 0 0
694 0 0 0 0 0 0 0 0 0 0 0 0 0 0 0 0 0 0 0
695 0 0 0 0 0 0 0 0 0 0 0 0 0 0 0 0 0 0 0
696 0 0 0 0 0 0 0 0 0 0 0 0 0 0 0 0 0 0 0
697 0 0 0 0 0 0 0 0 0 0 0 0 0 0 0 0 0 0 0
698 0 0 0 0 0 0 0 0 0 0 0 0 0 0 0 0 0 0 0
699 0 0 0 0 0 0 0 0 0 0 0 0 0 0 0 0 0 0 0
700 0 0 0 0 0 0 0 0 0 0 0 0 0 0 0 0 0 0 0
701 0 0 0 0 0 0 0 0 0 0 0 0 0 0 0 0 0 0 0
702 0 0 0 0 0 0 0 0 0 0 0 0 0 0 0 0 0 0 0
703 0 0 0 0 0 0 0 0 0 0 0 0 0 0 0 0 0 0 0
704 0 0 0 0 0 0 0 0 0 0 0 0 0 0 0 0 0 0 0
705 0 0 0 0 0 0 0 0 0 0 0 0 0 0 0 0 0 0 0
706 0 0 0 0 0 0 0 0 0 0 0 0 0 0 0 0 0 0 0
707 0 0 0 0 0 0 0 0 0 0 0 0 0 0 0 0 0 0 0
708 0 0 0 0 0 0 0 0 0 0 0 0 0 0 0 0 0 0 0
709 0 0 0 0 0 0 0 0 0 0 0 0 0 0 0 0 0 0 0
710 0 0 0 0 0 0 0 0 0 0 0 0 0 0 0 0 0 0 0
711 0 0 0 0 0 0 0 0 0 0 0 0 0 0 0 0 0 0 0
712 0 0 0 0 0 0 0 0 0 0 0 0 0 0 0 0 0 0 0
713 0 0 0 0 0 0 0 0 0 0 0 0 0 0 0 0 0 0 0
714 0 0 0 0 0 0 0 0 0 0 0 0 0 0 0 0 0 0 0
715 0 0 0 0 0 0 0 0 0 0 0 0 0 0 0 0 0 0 0
716 0 0 0 0 0 0 0 0 0 0 0 0 0 0 0 0 0 0 0
717 0 0 0 0 0 0 0 0 0 0 0 0 0 0 0 0 0 0 0
718 0 0 0 0 0 0 0 0 0 0 0 0 0 0 0 0 0 0 0
719 0 0 0 0 0 0 0 0 0 0 0 0 0 0 0 0 0 0 0
720 0 0 0 0 0 0 0 0 0 0 0 0 0 0 0 0 0 0 0
721 0 0 0 0 0 0 0 0 0 0 0 0 0 0 0 0 0 0 0
722 0 0 0 0 0 0 0 0 0 0 0 0 0 0 0 0 0 0 0
723 0 0 0 0 0 0 0 0 0 0 0 0 0 0 0 0 0 0 0
724 0 0 0 0 0 0 0 0 0 0 0 0 0 0 0 0 0 0 0
725 0 0 0 0 0 0 0 0 0 0 0 0 0 0 0 0 0 0 0
726 0 0 0 0 0 0 0 0 0 0 0 0 0 0 0 0 0 0 0
727 0 0 0 0 0 0 0 0 0 0 0 0 0 0 0 0 0 0 0
728 0 0 0 0 0 0 0 0 0 0 0 0 0 0 0 0 0 0 0
729 0 0 0 0 0 0 0 0 0 0 0 0 0 0 0 0 0 0 0
730 0 0 0 0 0 0 0 0 0 0 0 0 0 0 0 0 0 0 0
731 0 0 0 0 0 0 0 0 0 0 0 0 0 0 0 0 0 0 0
732 0 0 0 0 0 0 0 0 0 0 0 0 0 0 0 0 0 0 0
733 0 0 0 0 0 0 0 0 0 0 0 0 0 0 0 0 0 0 0
734 0 0 0 0 0 0 0 0 0 0 0 0 0 0 0 0 0 0 0
735 0 0 0 0 0 0 0 0 0 0 0 0 0 0 0 0 0 0 0
736 0 0 0 0 0 0 0 0 0 0 0 0 0 0 0 0 0 0 0
737 0 0 0 0 0 0 0 0 0 0 0 0 0 0 0 0 0 0 0
738 0 0 0 0 0 0 0 0 0 0 0 0 0 0 0 0 0 0 0
739 0 0 0 0 0 0 0 0 0 0 0 0 0 0 0 0 0 0 0
740 0 0 0 0 0 0 0 0 0 0 0 0 0 0 0 0 0 0 0
741 0 0 0 0 0 0 0 0 0 0 0 0 0 0 0 0 0 0 0
742 0 0 0 0 0 0 0 0 0 0 0 0 0 0 0 0 0 0 0
743 0 0 0 0 0 0 0 0 0 0 0 0 0 0 0 0 0 0 0
744 0 0 0 0 0 0 0 0 0 0 0 0 0 0 0 0 0 0 0
745 0 0 0 0 0 0 0 0 0 0 0 0 0 0 0 0 0 0 0
746 0 0 0 0 0 0 0 0 0 0 0 0 0 0 0 0 0 0 0
747 0 0 0 0 0 0 0 0 0 0 0 0 0 0 0 0 0 0 0
748 0 0 0 0 0 0 0 0 0 0 0 0 0 0 0 0 0 0 0
749 0 0 0 0 0 0 0 0 0 0 0 0 0 0 0 0 0 0 0
750 0 0 0 0 0 0 0 0 0 0 0 0 0 0 0 0 0 0 0
751 0 0 0 0 0 0 0 0 0 0 0 0 0 0 0 0 0 0 0
752 0 0 0 0 0 0 0 0 0 0 0 0 0 0 0 0 0 0 0
753 0 0 0 0 0 0 0 0 0 0 0 0 0 0 0 0 0 0 0
754 0 0 0 0 0 0 0 0 0 0 0 0 0 0 0 0 0 0 0
755 0 0 0 0 0 0 0 0 0 0 0 0 0 0 0 0 0 0 0
756 0 0 0 0 0 0 0 0 0 0 0 0 0 0 0 0 0 0 0
757 0 0 0 0 0 0 0 0 0 0 0 0 0 0 0 0 0 0 0
758 0 0 0 0 0 0 0 0 0 0 0 0 0 0 0 0 0 0 0
759 0 0 0 0 0 0 0 0 0 0 0 0 0 0 0 0 0 0 0
760 0 0 0 0 0 0 0 0 0 0 0 0 0 0 0 0 0 0 0
761 0 0 0 0 0 0 0 0 0 0 0 0 0 0 0 0 0 0 0
762 0 0 0 0 0 0 0 0 0 0 0 0 0 0 0 0 0 0 0
763 0 0 0 0 0 0 0 0 0 0 0 0 0 0 0 0 0 0 0
764 0 0 0 0 0 0 0 0 0 0 0 0 0 0 0 0 0 0 0
765 0 0 0 0 0 0 0 0 0 0 0 0 0 0 0 0 0 0 0
766 0 0 0 0 0 0 0 0 0 0 0 0 0 0 0 0 0 0 0
767 0 0 0 0 0 0 0 0 0 0 0 0 0 0 0 0 0 0 0
768 0 0 0 0 0 0 0 0 0 0 0 0 0 0 0 0 0 0 0
769 0 0 0 0 0 0 0 0 0 0 0 0 0 0 0 0 0 0 0
770 0 0 0 0 0 0 0 0 0 0 0 0 0 0 0 0 0 0 0
771 0 0 0 0 0 0 0 0 0 0 0 0 0 0 0 0 0 0 0
772 0 0 0 0 0 0 0 0 0 0 0 0 0 0 0 0 0 0 0
773 0 0 0 0 0 0 0 0 0 0 0 0 0 0 0 0 0 0 0
774 0 0 0 0 0 0 0 0 0 0 0 0 0 0 0 0 0 0 0
775 0 0 0 0 0 0 0 0 0 0 0 0 0 0 0 0 0 0 0
776 0 0 0 0 0 0 0 0 0 0 0 0 0 0 0 0 0 0 0
777 0 0 0 0 0 0 0 0 0 0 0 0 0 0 0 0 0 0 0
778 0 0 0 0 0 0 0 0 0 0 0 0 0 0 0 0 0 0 0
779 0 0 0 0 0 0 0 0 0 0 0 0 0 0 0 0 0 0 0
780 0 0 0 0 0 0 0 0 0 0 0 0 0 0 0 0 0 0 0
781 0 0 0 0 0 0 0 0 0 0 0 0 0 0 0 0 0 0 0
782 0 0 0 0 0 0 0 0 0 0 0 0 0 0 0 0 0 0 0
783 0 0 0 0 0 0 0 0 0 0 0 0 0 0 0 0 0 0 0
784 0 0 0 0 0 0 0 0 0 0 0 0 0 0 0 0 0 0 0
785 0 0 0 0 0 0 0 0 0 0 0 0 0 0 0 0 0 0 0
786 0 0 0 0 0 0 0 0 0 0 0 0 0 0 0 0 0 0 0
787 0 0 0 0 0 0 0 0 0 0 0 0 0 0 0 0 0 0 0
788 0 0 0 0 0 0 0 0 0 0 0 0 0 0 0 0 0 0 0
789 0 0 0 0 0 0 0 0 0 0 0 0 0 0 0 0 0 0 0
790 0 0 0 0 0 0 0 0 0 0 0 0 0 0 0 0 0 0 0
791 0 0 0 0 0 0 0 0 0 0 0 0 0 0 0 0 0 0 0
792 0 0 0 0 0 0 0 0 0 0 0 0 0 0 0 0 0 0 0
793 0 0 0 0 0 0 0 0 0 0 0 0 0 0 0 0 0 0 0
794 0 0 0 0 0 0 0 0 0 0 0 0 0 0 0 0 0 0 0
795 0 0 0 0 0 0 0 0 0 0 0 0 0 0 0 0 0 0 0
796 0 0 0 0 0 0 0 0 0 0 0 0 0 0 0 0 0 0 0
797 0 0 0 0 0 0 0 0 0 0 0 0 0 0 0 0 0 0 0
798 0 0 0 0 0 0 0 0 0 0 0 0 0 0 0 0 0 0 0
799 0 0 0 0 0 0 0 0 0 0 0 0 0 0 0 0 0 0 0
800 0 0 0 0 0 0 0 0 0 0 0 0 0 0 0 0 0 0 0
801 0 0 0 0 0 0 0 0 0 0 0 0 0 0 0 0 0 0 0
802 0 0 0 0 0 0 0 0 0 0 0 0 0 0 0 0 0 0 0
803 0 0 0 0 0 0 0 0 0 0 0 0 0 0 0 0 0 0 0
804 0 0 0 0 0 0 0 0 0 0 0 0 0 0 0 0 0 0 0
805 0 0 0 0 0 0 0 0 0 0 0 0 0 0 0 0 0 0 0
806 0 0 0 0 0 0 0 0 0 0 0 0 0 0 0 0 0 0 0
807 0 0 0 0 0 0 0 0 0 0 0 0 0 0 0 0 0 0 0
808 0 0 0 0 0 0 0 0 0 0 0 0 0 0 0 0 0 0 0
809 0 0 0 0 0 0 0 0 0 0 0 0 0 0 0 0 0 0 0
810 0 0 0 0 0 0 0 0 0 0 0 0 0 0 0 0 0 0 0
811 0 0 0 0 0 0 0 0 0 0 0 0 0 0 0 0 0 0 0
812 0 0 0 0 0 0 0 0 0 0 0 0 0 0 0 0 0 0 0
813 0 0 0 0 0 0 0 0 0 0 0 0 0 0 0 0 0 0 0
814 0 0 0 0 0 0 0 0 0 0 0 0 0 0 0 0 0 0 0
815 0 0 0 0 0 0 0 0 0 0 0 0 0 0 0 0 0 0 0
816 0 0 0 0 0 0 0 0 0 0 0 0 0 0 0 0 0 0 0
817 0 0 0 0 0 0 0 0 0 0 0 0 0 0 0 0 0 0 0
818 0 0 0 0 0 0 0 0 0 0 0 0 0 0 0 0 0 0 0
819 0 0 0 0 0 0 0 0 0 0 0 0 0 0 0 0 0 0 0
820 0 0 0 0 0 0 0 0 0 0 0 0 0 0 0 0 0 0 0
821 0 0 0 0 0 0 0 0 0 0 0 0 0 0 0 0 0 0 0
822 0 0 0 0 0 0 0 0 0 0 0 0 0 0 0 0 0 0 0
823 0 0 0 0 0 0 0 0 0 0 0 0 0 0 0 0 0 0 0
824 0 0 0 0 0 0 0 0 0 0 0 0 0 0 0 0 0 0 0
825 0 0 0 0 0 0 0 0 0 0 0 0 0 0 0 0 0 0 0
826 0 0 0 0 0 0 0 0 0 0 0 0 0 0 0 0 0 0 0
827 0 0 0 0 0 0 0 0 0 0 0 0 0 0 0 0 0 0 0
828 0 0 0 0 0 0 0 0 0 0 0 0 0 0 0 0 0 0 0
829 0 0 0 0 0 0 0 0 0 0 0 0 0 0 0 0 0 0 0
830 0 0 0 0 0 0 0 0 0 0 0 0 0 0 0 0 0 0 0
831 0 0 0 0 0 0 0 0 0 0 0 0 0 0 0 0 0 0 0
832 0 0 0 0 0 0 0 0 0 0 0 0 0 0 0 0 0 0 0
833 0 0 0 0 0 0 0 0 0 0 0 0 0 0 0 0 0 0 0
834 0 0 0 0 0 0 0 0 0 0 0 0 0 0 0 0 0 0 0
835 0 0 0 0 0 0 0 0 0 0 0 0 0 0 0 0 0 0 0
836 0 0 0 0 0 0 0 0 0 0 0 0 0 0 0 0 0 0 0
837 0 0 0 0 0 0 0 0 0 0 0 0 0 0 0 0 0 0 0
838 0 0 0 0 0 0 0 0 0 0 0 0 0 0 0 0 0 0 0
839 0 0 0 0 0 0 0 0 0 0 0 0 0 0 0 0 0 0 0
840 0 0 0 0 0 0 0 0 0 0 0 0 0 0 0 0 0 0 0
841 0 0 0 0 0 0 0 0 0 0 0 0 0 0 0 0 0 0 0
842 0 0 0 0 0 0 0 0 0 0 0 0 0 0 0 0 0 0 0
843 0 0 0 0 0 0 0 0 0 0 0 0 0 0 0 0 0 0 0
844 0 0 0 0 0 0 0 0 0 0 0 0 0 0 0 0 0 0 0
845 0 0 0 0 0 0 0 0 0 0 0 0 0 0 0 0 0 0 0
846 0 0 0 0 0 0 0 0 0 0 0 0 0 0 0 0 0 0 0
847 0 0 0 0 0 0 0 0 0 0 0 0 0 0 0 0 0 0 0
848 0 0 0 0 0 0 0 0 0 0 0 0 0 0 0 0 0 0 0
849 0 0 0 0 0 0 0 0 0 0 0 0 0 0 0 0 0 0 0
850 0 0 0 0 0 0 0 0 0 0 0 0 0 0 0 0 0 0 0
851 0 0 0 0 0 0 0 0 0 0 0 0 0 0 0 0 0 0 0
852 0 0 0 0 0 0 0 0 0 0 0 0 0 0 0 0 0 0 0
853 0 0 0 0 0 0 0 0 0 0 0 0 0 0 0 0 0 0 0
854 0 0 0 0 0 0 0 0 0 0 0 0 0 0 0 0 0 0 0
855 0 0 0 0 0 0 0 0 0 0 0 0 0 0 0 0 0 0 0
856 0 0 0 0 0 0 0 0 0 0 0 0 0 0 0 0 0 0 0
857 0 0 0 0 0 0 0 0 0 0 0 0 0 0 0 0 0 0 0
858 0 0 0 0 0 0 0 0 0 0 0 0 0 0 0 0 0 0 0
859 0 0 0 0 0 0 0 0 0 0 0 0 0 0 0 0 0 0 0
860 0 0 0 0 0 0 0 0 0 0 0 0 0 0 0 0 0 0 0
861 0 0 0 0 0 0 0 0 0 0 0 0 0 0 0 0 0 0 0
862 0 0 0 0 0 0 0 0 0 0 0 0 0 0 0 0 0 0 0
863 0 0 0 0 0 0 0 0 0 0 0 0 0 0 0 0 0 0 0
864 0 0 0 0 0 0 0 0 0 0 0 0 0 0 0 0 0 0 0
865 0 0 0 0 0 0 0 0 0 0 0 0 0 0 0 0 0 0 0
866 0 0 0 0 0 0 0 0 0 0 0 0 0 0 0 0 0 0 0
867 0 0 0 0 0 0 0 0 0 0 0 0 0 0 0 0 0 0 0
868 0 0 0 0 0 0 0 0 0 0 0 0 0 0 0 0 0 0 0
869 0 0 0 0 0 0 0 0 0 0 0 0 0 0 0 0 0 0 0
870 0 0 0 0 0 0 0 0 0 0 0 0 0 0 0 0 0 0 0
871 0 0 0 0 0 0 0 0 0 0 0 0 0 0 0 0 0 0 0
872 0 0 0 0 0 0 0 0 0 0 0 0 0 0 0 0 0 0 0
873 0 0 0 0 0 0 0 0 0 0 0 0 0 0 0 0 0 0 0
874 0 0 0 0 0 0 0 0 0 0 0 0 0 0 0 0 0 0 0
875 0 0 0 0 0 0 0 0 0 0 0 0 0 0 0 0 0 0 0
876 0 0 0 0 0 0 0 0 0 0 0 0 0 0 0 0 0 0 0
877 0 0 0 0 0 0 0 0 0 0 0 0 0 0 0 0 0 0 0
878 0 0 0 0 0 0 0 0 0 0 0 0 0 0 0 0 0 0 0
879 0 0 0 0 0 0 0 0 0 0 0 0 0 0 0 0 0 0 0
880 0 0 0 0 0 0 0 0 0 0 0 0 0 0 0 0 0 0 0
881 0 0 0 0 0 0 0 0 0 0 0 0 0 0 0 0 0 0 0
882 0 0 0 0 0 0 0 0 0 0 0 0 0 0 0 0 0 0 0
883 0 0 0 0 0 0 0 0 0 0 0 0 0 0 0 0 0 0 0
884 0 0 0 0 0 0 0 0 0 0 0 0 0 0 0 0 0 0 0
885 0 0 0 0 0 0 0 0 0 0 0 0 0 0 0 0 0 0 0
886 0 0 0 0 0 0 0 0 0 0 0 0 0 0 0 0 0 0 0
887 0 0 0 0 0 0 0 0 0 0 0 0 0 0 0 0 0 0 0
888 0 0 0 0 0 0 0 0 0 0 0 0 0 0 0 0 0 0 0
889 0 0 0 0 0 0 0 0 0 0 0 0 0 0 0 0 0 0 0
890 0 0 0 0 0 0 0 0 0 0 0 0 0 0 0 0 0 0 0
891 0 0 0 0 0 0 0 0 0 0 0 0 0 0 0 0 0 0 0
892 0 0 0 0 0 0 0 0 0 0 0 0 0 0 0 0 0 0 0
893 0 0 0 0 0 0 0 0 0 0 0 0 0 0 0 0 0 0 0
894 0 0 0 0 0 0 0 0 0 0 0 0 0 0 0 0 0 0 0
895 0 0 0 0 0 0 0 0 0 0 0 0 0 0 0 0 0 0 0
896 0 0 0 0 0 0 0 0 0 0 0 0 0 0 0 0 0 0 0
897 0 0 0 0 0 0 0 0 0 0 0 0 0 0 0 0 0 0 0
898 0 0 0 0 0 0 0 0 0 0 0 0 0 0 0 0 0 0 0
899 0 0 0 0 0 0 0 0 0 0 0 0 0 0 0 0 0 0 0
900 0 0 0 0 0 0 0 0 0 0 0 0 0 0 0 0 0 0 0
901 0 0 0 0 0 0 0 0 0 0 0 0 0 0 0 0 0 0 0
902 0 0 0 0 0 0 0 0 0 0 0 0 0 0 0 0 0 0 0
903 0 0 0 0 0 0 0 0 0 0 0 0 0 0 0 0 0 0 0
904 0 0 0 0 0 0 0 0 0 0 0 0 0 0 0 0 0 0 0
905 0 0 0 0 0 0 0 0 0 0 0 0 0 0 0 0 0 0 0
906 0 0 0 0 0 0 0 0 0 0 0 0 0 0 0 0 0 0 0
907 0 0 0 0 0 0 0 0 0 0 0 0 0 0 0 0 0 0 0
908 0 0 0 0 0 0 0 0 0 0 0 0 0 0 0 0 0 0 0
909 0 0 0 0 0 0 0 0 0 0 0 0 0 0 0 0 0 0 0
910 0 0 0 0 0 0 0 0 0 0 0 0 0 0 0 0 0 0 0
911 0 0 0 0 0 0 0 0 0 0 0 0 0 0 0 0 0 0 0
912 0 0 0 0 0 0 0 0 0 0 0 0 0 0 0 0 0 0 0
913 0 0 0 0 0 0 0 0 0 0 0 0 0 0 0 0 0 0 0
914 0 0 0 0 0 0 0 0 0 0 0 0 0 0 0 0 0 0 0
915 0 0 0 0 0 0 0 0 0 0 0 0 0 0 0 0 0 0 0
916 0 0 0 0 0 0 0 0 0 0 0 0 0 0 0 0 0 0 0
917 0 0 0 0 0 0 0 0 0 0 0 0 0 0 0 0 0 0 0
918 0 0 0 0 0 0 0 0 0 0 0 0 0 0 0 0 0 0 0
919 0 0 0 0 0 0 0 0 0 0 0 0 0 0 0 0 0 0 0
920 0 0 0 0 0 0 0 0 0 0 0 0 0 0 0 0 0 0 0
921 0 0 0 0 0 0 0 0 0 0 0 0 0 0 0 0 0 0 0
922 0 0 0 0 0 0 0 0 0 0 0 0 0 0 0 0 0 0 0
923 0 0 0 0 0 0 0 0 0 0 0 0 0 0 0 0 0 0 0
924 0 0 0 0 0 0 0 0 0 0 0 0 0 0 0 0 0 0 0
925 0 0 0 0 0 0 0 0 0 0 0 0 0 0 0 0 0 0 0
926 0 0 0 0 0 0 0 0 0 0 0 0 0 0 0 0 0 0 0
927 0 0 0 0 0 0 0 0 0 0 0 0 0 0 0 0 0 0 0
928 0 0 0 0 0 0 0 0 0 0 0 0 0 0 0 0 0 0 0
929 0 0 0 0 0 0 0 0 0 0 0 0 0 0 0 0 0 0 0
930 0 0 0 0 0 0 0 0 0 0 0 0 0 0 0 0 0 0 0
931 0 0 0 0 0 0 0 0 0 0 0 0 0 0 0 0 0 0 0
932 0 0 0 0 0 0 0 0 0 0 0 0 0 0 0 0 0 0 0
933 0 0 0 0 0 0 0 0 0 0 0 0 0 0 0 0 0 0 0
934 0 0 0 0 0 0 0 0 0 0 0 0 0 0 0 0 0 0 0
935 0 0 0 0 0 0 0 0 0 0 0 0 0 0 0 0 0 0 0
936 0 0 0 0 0 0 0 0 0 0 0 0 0 0 0 0 0 0 0
937 0 0 0 0 0 0 0 0 0 0 0 0 0 0 0 0 0 0 0
938 0 0 0 0 0 0 0 0 0 0 0 0 0 0 0 0 0 0 0
939 0 0 0 0 0 0 0 0 0 0 0 0 0 0 0 0 0 0 0
940 0 0 0 0 0 0 0 0 0 0 0 0 0 0 0 0 0 0 0
941 0 0 0 0 0 0 0 0 0 0 0 0 0 0 0 0 0 0 0
942 0 0 0 0 0 0 0 0 0 0 0 0 0 0 0 0 0 0 0
943 0 0 0 0 0 0 0 0 0 0 0 0 0 0 0 0 0 0 0
944 0 0 0 0 0 0 0 0 0 0 0 0 0 0 0 0 0 0 0
945 0 0 0 0 0 0 0 0 0 0 0 0 0 0 0 0 0 0 0
946 0 0 0 0 0 0 0 0 0 0 0 0 0 0 0 0 0 0 0
947 0 0 0 0 0 0 0 0 0 0 0 0 0 0 0 0 0 0 0
948 0 0 0 0 0 0 0 0 0 0 0 0 0 0 0 0 0 0 0
949 0 0 0 0 0 0 0 0 0 0 0 0 0 0 0 0 0 0 0
950 0 0 0 0 0 0 0 0 0 0 0 0 0 0 0 0 0 0 0
951 0 0 0 0 0 0 0 0 0 0 0 0 0 0 0 0 0 0 0
952 0 0 0 0 0 0 0 0 0 0 0 0 0 0 0 0 0 0 0
953 0 0 0 0 0 0 0 0 0 0 0 0 0 0 0 0 0 0 0
954 0 0 0 0 0 0 0 0 0 0 0 0 0 0 0 0 0 0 0
955 0 0 0 0 0 0 0 0 0 0 0 0 0 0 0 0 0 0 0
956 0 0 0 0 0 0 0 0 0 0 0 0 0 0 0 0 0 0 0
957 0 0 0 0 0 0 0 0 0 0 0 0 0 0 0 0 0 0 0
958 0 0 0 0 0 0 0 0 0 0 0 0 0 0 0 0 0 0 0
959 0 0 0 0 0 0 0 0 0 0 0 0 0 0 0 0 0 0 0
960 0 0 0 0 0 0 0 0 0 0 0 0 0 0 0 0 0 0 0
961 0 0 0 0 0 0 0 0 0 0 0 0 0 0 0 0 0 0 0
962 0 0 0 0 0 0 0 0 0 0 0 0 0 0 0 0 0 0 0
963 0 0 0 0 0 0 0 0 0 0 0 0 0 0 0 0 0 0 0
964 0 0 0 0 0 0 0 0 0 0 0 0 0 0 0 0 0 0 0
965 0 0 0 0 0 0 0 0 0 0 0 0 0 0 0 0 0 0 0
966 0 0 0 0 0 0 0 0 0 0 0 0 0 0 0 0 0 0 0
967 0 0 0 0 0 0 0 0 0 0 0 0 0 0 0 0 0 0 0
968 0 0 0 0 0 0 0 0 0 0 0 0 0 0 0 0 0 0 0
969 0 0 0 0 0 0 0 0 0 0 0 0 0 0 0 0 0 0 0
970 0 0 0 0 0 0 0 0 0 0 0 0 0 0 0 0 0 0 0
971 0 0 0 0 0 0 0 0 0 0 0 0 0 0 0 0 0 0 0
972 0 0 0 0 0 0 0 0 0 0 0 0 0 0 0 0 0 0 0
973 0 0 0 0 0 0 0 0 0 0 0 0 0 0 0 0 0 0 0
974 0 0 0 0 0 0 0 0 0 0 0 0 0 0 0 0 0 0 0
975 0 0 0 0 0 0 0 0 0 0 0 0 0 0 0 0 0 0 0
976 0 0 0 0 0 0 0 0 0 0 0 0 0 0 0 0 0 0 0
977 0 0 0 0 0 0 0 0 0 0 0 0 0 0 0 0 0 0 0
978 0 0 0 0 0 0 0 0 0 0 0 0 0 0 0 0 0 0 0
979 0 0 0 0 0 0 0 0 0 0 0 0 0 0 0 0 0 0 0
980 0 0 0 0 0 0 0 0 0 0 0 0 0 0 0 0 0 0 0
981 0 0 0 0 0 0 0 0 0 0 0 0 0 0 0 0 0 0 0
982 0 0 0 0 0 0 0 0 0 0 0 0 0 0 0 0 0 0 0
983 0 0 0 0 0 0 0 0 0 0 0 0 0 0 0 0 0 0 0
984 0 0 0 0 0 0 0 0 0 0 0 0 0 0 0 0 0 0 0
985 0 0 0 0 0 0 0 0 0 0 0 0 0 0 0 0 0 0 0
986 0 0 0 0 0 0 0 0 0 0 0 0 0 0 0 0 0 0 0
987 0 0 0 0 0 0 0 0 0 0 0 0 0 0 0 0 0 0 0
988 0 0 0 0 0 0 0 0 0 0 0 0 0 0 0 0 0 0 0
989 0 0 0 0 0 0 0 0 0 0 0 0 0 0 0 0 0 0 0
990 0 0 0 0 0 0 0 0 0 0 0 0 0 0 0 0 0 0 0
991 0 0 0 0 0 0 0 0 0 0 0 0 0 0 0 0 0 0 0
992 0 0 0 0 0 0 0 0 0 0 0 0 0 0 0 0 0 0 0
993 0 0 0 0 0 0 0 0 0 0 0 0 0 0 0 0 0 0 0
994 0 0 0 0 0 0 0 0 0 0 0 0 0 0 0 0 0 0 0
995 0 0 0 0 0 0 0 0 0 0 0 0 0 0 0 0 0 0 0
996 0 0 0 0 0 0 0 0 0 0 0 0 0 0 0 0 0 0 0
997 0 0 0 0 0 0 0 0 0 0 0 0 0 0 0 0 0 0 0
998 0 0 0 0 0 0 0 0 0 0 0 0 0 0 0 0 0 0 0
999 0 0 0 0 0 0 0 0 0 0 0 0 0 0 0 0 0 0 0
